4.000000000000000000e+01
4.000000000000000000e+01
4.000000000000000000e+01
4.000000000000000000e+01
4.000000000000000000e+01
4.000000000000000000e+01
4.000000000000000000e+01
4.000000000000000000e+01
4.000000000000000000e+01
4.000000000000000000e+01
4.000000000000000000e+01
4.000000000000000000e+01
4.000000000000000000e+01
4.000000000000000000e+01
4.000000000000000000e+01
4.000000000000000000e+01
4.000000000000000000e+01
4.000000000000000000e+01
4.000000000000000000e+01
4.000000000000000000e+01
4.000000000000000000e+01
4.000000000000000000e+01
4.000000000000000000e+01
4.000000000000000000e+01
4.000000000000000000e+01
4.000000000000000000e+01
4.000000000000000000e+01
4.000000000000000000e+01
4.000000000000000000e+01
4.000000000000000000e+01
4.000000000000000000e+01
4.000000000000000000e+01
4.000000000000000000e+01
4.000000000000000000e+01
4.000000000000000000e+01
4.000000000000000000e+01
4.000000000000000000e+01
4.000000000000000000e+01
4.000000000000000000e+01
4.000000000000000000e+01
4.000000000000000000e+01
4.000000000000000000e+01
4.000000000000000000e+01
4.000000000000000000e+01
4.010000000000000142e+01
4.010000000000000142e+01
4.010000000000000142e+01
4.010000000000000142e+01
4.010000000000000142e+01
4.010000000000000142e+01
4.010000000000000142e+01
4.010000000000000142e+01
4.010000000000000142e+01
4.010000000000000142e+01
4.010000000000000142e+01
4.010000000000000142e+01
4.010000000000000142e+01
4.010000000000000142e+01
4.010000000000000142e+01
4.010000000000000142e+01
4.010000000000000142e+01
4.010000000000000142e+01
4.010000000000000142e+01
4.010000000000000142e+01
4.010000000000000142e+01
4.010000000000000142e+01
4.010000000000000142e+01
4.010000000000000142e+01
4.010000000000000142e+01
4.010000000000000142e+01
4.010000000000000142e+01
4.010000000000000142e+01
4.010000000000000142e+01
4.010000000000000142e+01
4.010000000000000142e+01
4.010000000000000142e+01
4.010000000000000142e+01
4.010000000000000142e+01
4.010000000000000142e+01
4.010000000000000142e+01
4.010000000000000142e+01
4.010000000000000142e+01
4.010000000000000142e+01
4.010000000000000142e+01
4.010000000000000142e+01
4.010000000000000142e+01
4.010000000000000142e+01
4.010000000000000142e+01
4.010000000000000142e+01
4.010000000000000142e+01
4.010000000000000142e+01
4.010000000000000142e+01
4.020000000000000284e+01
4.020000000000000284e+01
4.020000000000000284e+01
4.020000000000000284e+01
4.020000000000000284e+01
4.020000000000000284e+01
4.020000000000000284e+01
4.020000000000000284e+01
4.020000000000000284e+01
4.020000000000000284e+01
4.020000000000000284e+01
4.020000000000000284e+01
4.020000000000000284e+01
4.020000000000000284e+01
4.020000000000000284e+01
4.020000000000000284e+01
4.020000000000000284e+01
4.020000000000000284e+01
4.020000000000000284e+01
4.020000000000000284e+01
4.020000000000000284e+01
4.020000000000000284e+01
4.020000000000000284e+01
4.020000000000000284e+01
4.020000000000000284e+01
4.020000000000000284e+01
4.020000000000000284e+01
4.020000000000000284e+01
4.020000000000000284e+01
4.020000000000000284e+01
4.020000000000000284e+01
4.020000000000000284e+01
4.020000000000000284e+01
4.020000000000000284e+01
4.020000000000000284e+01
4.020000000000000284e+01
4.020000000000000284e+01
4.020000000000000284e+01
4.020000000000000284e+01
4.020000000000000284e+01
4.020000000000000284e+01
4.020000000000000284e+01
4.020000000000000284e+01
4.029999999999999716e+01
4.029999999999999716e+01
4.029999999999999716e+01
4.029999999999999716e+01
4.029999999999999716e+01
4.029999999999999716e+01
4.029999999999999716e+01
4.029999999999999716e+01
4.029999999999999716e+01
4.029999999999999716e+01
4.029999999999999716e+01
4.029999999999999716e+01
4.029999999999999716e+01
4.029999999999999716e+01
4.029999999999999716e+01
4.029999999999999716e+01
4.029999999999999716e+01
4.029999999999999716e+01
4.029999999999999716e+01
4.029999999999999716e+01
4.029999999999999716e+01
4.029999999999999716e+01
4.029999999999999716e+01
4.029999999999999716e+01
4.029999999999999716e+01
4.029999999999999716e+01
4.029999999999999716e+01
4.029999999999999716e+01
4.029999999999999716e+01
4.029999999999999716e+01
4.029999999999999716e+01
4.029999999999999716e+01
4.029999999999999716e+01
4.029999999999999716e+01
4.029999999999999716e+01
4.029999999999999716e+01
4.029999999999999716e+01
4.029999999999999716e+01
4.029999999999999716e+01
4.029999999999999716e+01
4.029999999999999716e+01
4.029999999999999716e+01
4.029999999999999716e+01
4.029999999999999716e+01
4.029999999999999716e+01
4.029999999999999716e+01
4.029999999999999716e+01
4.039999999999999858e+01
4.039999999999999858e+01
4.039999999999999858e+01
4.039999999999999858e+01
4.039999999999999858e+01
4.039999999999999858e+01
4.039999999999999858e+01
4.039999999999999858e+01
4.039999999999999858e+01
4.039999999999999858e+01
4.039999999999999858e+01
4.039999999999999858e+01
4.039999999999999858e+01
4.039999999999999858e+01
4.039999999999999858e+01
4.039999999999999858e+01
4.039999999999999858e+01
4.039999999999999858e+01
4.039999999999999858e+01
4.039999999999999858e+01
4.039999999999999858e+01
4.039999999999999858e+01
4.039999999999999858e+01
4.039999999999999858e+01
4.039999999999999858e+01
4.039999999999999858e+01
4.039999999999999858e+01
4.039999999999999858e+01
4.039999999999999858e+01
4.039999999999999858e+01
4.039999999999999858e+01
4.039999999999999858e+01
4.039999999999999858e+01
4.039999999999999858e+01
4.039999999999999858e+01
4.039999999999999858e+01
4.039999999999999858e+01
4.039999999999999858e+01
4.039999999999999858e+01
4.039999999999999858e+01
4.039999999999999858e+01
4.039999999999999858e+01
4.039999999999999858e+01
4.050000000000000000e+01
4.050000000000000000e+01
4.050000000000000000e+01
4.050000000000000000e+01
4.050000000000000000e+01
4.050000000000000000e+01
4.050000000000000000e+01
4.050000000000000000e+01
4.050000000000000000e+01
4.050000000000000000e+01
4.050000000000000000e+01
4.050000000000000000e+01
4.050000000000000000e+01
4.050000000000000000e+01
4.050000000000000000e+01
4.050000000000000000e+01
4.050000000000000000e+01
4.050000000000000000e+01
4.050000000000000000e+01
4.050000000000000000e+01
4.050000000000000000e+01
4.050000000000000000e+01
4.050000000000000000e+01
4.050000000000000000e+01
4.050000000000000000e+01
4.050000000000000000e+01
4.050000000000000000e+01
4.050000000000000000e+01
4.050000000000000000e+01
4.050000000000000000e+01
4.050000000000000000e+01
4.050000000000000000e+01
4.050000000000000000e+01
4.050000000000000000e+01
4.050000000000000000e+01
4.050000000000000000e+01
4.050000000000000000e+01
4.050000000000000000e+01
4.050000000000000000e+01
4.050000000000000000e+01
4.050000000000000000e+01
4.050000000000000000e+01
4.050000000000000000e+01
4.050000000000000000e+01
4.050000000000000000e+01
4.060000000000000142e+01
4.060000000000000142e+01
4.060000000000000142e+01
4.060000000000000142e+01
4.060000000000000142e+01
4.060000000000000142e+01
4.060000000000000142e+01
4.060000000000000142e+01
4.060000000000000142e+01
4.060000000000000142e+01
4.060000000000000142e+01
4.060000000000000142e+01
4.060000000000000142e+01
4.060000000000000142e+01
4.060000000000000142e+01
4.060000000000000142e+01
4.060000000000000142e+01
4.060000000000000142e+01
4.060000000000000142e+01
4.060000000000000142e+01
4.060000000000000142e+01
4.060000000000000142e+01
4.060000000000000142e+01
4.060000000000000142e+01
4.060000000000000142e+01
4.060000000000000142e+01
4.060000000000000142e+01
4.060000000000000142e+01
4.060000000000000142e+01
4.060000000000000142e+01
4.060000000000000142e+01
4.060000000000000142e+01
4.060000000000000142e+01
4.060000000000000142e+01
4.060000000000000142e+01
4.060000000000000142e+01
4.060000000000000142e+01
4.060000000000000142e+01
4.060000000000000142e+01
4.060000000000000142e+01
4.070000000000000284e+01
4.070000000000000284e+01
4.070000000000000284e+01
4.070000000000000284e+01
4.070000000000000284e+01
4.070000000000000284e+01
4.070000000000000284e+01
4.070000000000000284e+01
4.070000000000000284e+01
4.070000000000000284e+01
4.070000000000000284e+01
4.070000000000000284e+01
4.070000000000000284e+01
4.070000000000000284e+01
4.070000000000000284e+01
4.070000000000000284e+01
4.070000000000000284e+01
4.070000000000000284e+01
4.070000000000000284e+01
4.070000000000000284e+01
4.070000000000000284e+01
4.070000000000000284e+01
4.070000000000000284e+01
4.070000000000000284e+01
4.070000000000000284e+01
4.070000000000000284e+01
4.070000000000000284e+01
4.070000000000000284e+01
4.070000000000000284e+01
4.070000000000000284e+01
4.070000000000000284e+01
4.070000000000000284e+01
4.070000000000000284e+01
4.070000000000000284e+01
4.070000000000000284e+01
4.070000000000000284e+01
4.070000000000000284e+01
4.070000000000000284e+01
4.070000000000000284e+01
4.070000000000000284e+01
4.070000000000000284e+01
4.070000000000000284e+01
4.079999999999999716e+01
4.079999999999999716e+01
4.079999999999999716e+01
4.079999999999999716e+01
4.079999999999999716e+01
4.079999999999999716e+01
4.079999999999999716e+01
4.079999999999999716e+01
4.079999999999999716e+01
4.079999999999999716e+01
4.079999999999999716e+01
4.079999999999999716e+01
4.079999999999999716e+01
4.079999999999999716e+01
4.079999999999999716e+01
4.079999999999999716e+01
4.079999999999999716e+01
4.079999999999999716e+01
4.079999999999999716e+01
4.079999999999999716e+01
4.079999999999999716e+01
4.079999999999999716e+01
4.079999999999999716e+01
4.079999999999999716e+01
4.079999999999999716e+01
4.079999999999999716e+01
4.079999999999999716e+01
4.079999999999999716e+01
4.079999999999999716e+01
4.079999999999999716e+01
4.079999999999999716e+01
4.079999999999999716e+01
4.079999999999999716e+01
4.079999999999999716e+01
4.079999999999999716e+01
4.079999999999999716e+01
4.079999999999999716e+01
4.079999999999999716e+01
4.079999999999999716e+01
4.079999999999999716e+01
4.079999999999999716e+01
4.079999999999999716e+01
4.089999999999999858e+01
4.089999999999999858e+01
4.089999999999999858e+01
4.089999999999999858e+01
4.089999999999999858e+01
4.089999999999999858e+01
4.089999999999999858e+01
4.089999999999999858e+01
4.089999999999999858e+01
4.089999999999999858e+01
4.089999999999999858e+01
4.089999999999999858e+01
4.089999999999999858e+01
4.089999999999999858e+01
4.089999999999999858e+01
4.089999999999999858e+01
4.089999999999999858e+01
4.089999999999999858e+01
4.089999999999999858e+01
4.089999999999999858e+01
4.089999999999999858e+01
4.089999999999999858e+01
4.089999999999999858e+01
4.089999999999999858e+01
4.089999999999999858e+01
4.089999999999999858e+01
4.089999999999999858e+01
4.089999999999999858e+01
4.089999999999999858e+01
4.089999999999999858e+01
4.089999999999999858e+01
4.089999999999999858e+01
4.089999999999999858e+01
4.089999999999999858e+01
4.089999999999999858e+01
4.089999999999999858e+01
4.089999999999999858e+01
4.089999999999999858e+01
4.089999999999999858e+01
4.089999999999999858e+01
4.089999999999999858e+01
4.089999999999999858e+01
4.089999999999999858e+01
4.100000000000000000e+01
4.100000000000000000e+01
4.100000000000000000e+01
4.100000000000000000e+01
4.100000000000000000e+01
4.100000000000000000e+01
4.100000000000000000e+01
4.100000000000000000e+01
4.100000000000000000e+01
4.100000000000000000e+01
4.100000000000000000e+01
4.100000000000000000e+01
4.100000000000000000e+01
4.100000000000000000e+01
4.100000000000000000e+01
4.100000000000000000e+01
4.100000000000000000e+01
4.100000000000000000e+01
4.100000000000000000e+01
4.100000000000000000e+01
4.100000000000000000e+01
4.100000000000000000e+01
4.100000000000000000e+01
4.100000000000000000e+01
4.100000000000000000e+01
4.100000000000000000e+01
4.100000000000000000e+01
4.100000000000000000e+01
4.100000000000000000e+01
4.100000000000000000e+01
4.100000000000000000e+01
4.100000000000000000e+01
4.100000000000000000e+01
4.100000000000000000e+01
4.100000000000000000e+01
4.100000000000000000e+01
4.100000000000000000e+01
4.100000000000000000e+01
4.100000000000000000e+01
4.100000000000000000e+01
4.100000000000000000e+01
4.100000000000000000e+01
4.110000000000000142e+01
4.110000000000000142e+01
4.110000000000000142e+01
4.110000000000000142e+01
4.110000000000000142e+01
4.110000000000000142e+01
4.110000000000000142e+01
4.110000000000000142e+01
4.110000000000000142e+01
4.110000000000000142e+01
4.110000000000000142e+01
4.110000000000000142e+01
4.110000000000000142e+01
4.110000000000000142e+01
4.110000000000000142e+01
4.110000000000000142e+01
4.110000000000000142e+01
4.110000000000000142e+01
4.110000000000000142e+01
4.110000000000000142e+01
4.110000000000000142e+01
4.110000000000000142e+01
4.110000000000000142e+01
4.110000000000000142e+01
4.110000000000000142e+01
4.110000000000000142e+01
4.110000000000000142e+01
4.110000000000000142e+01
4.110000000000000142e+01
4.110000000000000142e+01
4.110000000000000142e+01
4.110000000000000142e+01
4.110000000000000142e+01
4.110000000000000142e+01
4.110000000000000142e+01
4.110000000000000142e+01
4.110000000000000142e+01
4.110000000000000142e+01
4.110000000000000142e+01
4.110000000000000142e+01
4.110000000000000142e+01
4.110000000000000142e+01
4.110000000000000142e+01
4.110000000000000142e+01
4.110000000000000142e+01
4.110000000000000142e+01
4.120000000000000284e+01
4.120000000000000284e+01
4.120000000000000284e+01
4.120000000000000284e+01
4.120000000000000284e+01
4.120000000000000284e+01
4.120000000000000284e+01
4.120000000000000284e+01
4.120000000000000284e+01
4.120000000000000284e+01
4.120000000000000284e+01
4.120000000000000284e+01
4.120000000000000284e+01
4.120000000000000284e+01
4.120000000000000284e+01
4.120000000000000284e+01
4.120000000000000284e+01
4.120000000000000284e+01
4.120000000000000284e+01
4.120000000000000284e+01
4.120000000000000284e+01
4.120000000000000284e+01
4.120000000000000284e+01
4.120000000000000284e+01
4.120000000000000284e+01
4.120000000000000284e+01
4.120000000000000284e+01
4.120000000000000284e+01
4.120000000000000284e+01
4.120000000000000284e+01
4.120000000000000284e+01
4.120000000000000284e+01
4.120000000000000284e+01
4.120000000000000284e+01
4.120000000000000284e+01
4.120000000000000284e+01
4.120000000000000284e+01
4.120000000000000284e+01
4.120000000000000284e+01
4.120000000000000284e+01
4.120000000000000284e+01
4.120000000000000284e+01
4.120000000000000284e+01
4.120000000000000284e+01
4.120000000000000284e+01
4.120000000000000284e+01
4.129999999999999716e+01
4.129999999999999716e+01
4.129999999999999716e+01
4.129999999999999716e+01
4.129999999999999716e+01
4.129999999999999716e+01
4.129999999999999716e+01
4.129999999999999716e+01
4.129999999999999716e+01
4.129999999999999716e+01
4.129999999999999716e+01
4.129999999999999716e+01
4.129999999999999716e+01
4.129999999999999716e+01
4.129999999999999716e+01
4.129999999999999716e+01
4.129999999999999716e+01
4.129999999999999716e+01
4.129999999999999716e+01
4.129999999999999716e+01
4.129999999999999716e+01
4.129999999999999716e+01
4.129999999999999716e+01
4.129999999999999716e+01
4.129999999999999716e+01
4.129999999999999716e+01
4.129999999999999716e+01
4.129999999999999716e+01
4.129999999999999716e+01
4.129999999999999716e+01
4.129999999999999716e+01
4.129999999999999716e+01
4.129999999999999716e+01
4.129999999999999716e+01
4.129999999999999716e+01
4.129999999999999716e+01
4.129999999999999716e+01
4.129999999999999716e+01
4.129999999999999716e+01
4.129999999999999716e+01
4.129999999999999716e+01
4.129999999999999716e+01
4.129999999999999716e+01
4.129999999999999716e+01
4.139999999999999858e+01
4.139999999999999858e+01
4.139999999999999858e+01
4.139999999999999858e+01
4.139999999999999858e+01
4.139999999999999858e+01
4.139999999999999858e+01
4.139999999999999858e+01
4.139999999999999858e+01
4.139999999999999858e+01
4.139999999999999858e+01
4.139999999999999858e+01
4.139999999999999858e+01
4.139999999999999858e+01
4.139999999999999858e+01
4.139999999999999858e+01
4.139999999999999858e+01
4.139999999999999858e+01
4.139999999999999858e+01
4.139999999999999858e+01
4.139999999999999858e+01
4.139999999999999858e+01
4.139999999999999858e+01
4.139999999999999858e+01
4.139999999999999858e+01
4.139999999999999858e+01
4.139999999999999858e+01
4.139999999999999858e+01
4.139999999999999858e+01
4.139999999999999858e+01
4.139999999999999858e+01
4.139999999999999858e+01
4.139999999999999858e+01
4.139999999999999858e+01
4.139999999999999858e+01
4.139999999999999858e+01
4.139999999999999858e+01
4.139999999999999858e+01
4.139999999999999858e+01
4.139999999999999858e+01
4.139999999999999858e+01
4.139999999999999858e+01
4.139999999999999858e+01
4.139999999999999858e+01
4.150000000000000000e+01
4.150000000000000000e+01
4.150000000000000000e+01
4.150000000000000000e+01
4.150000000000000000e+01
4.150000000000000000e+01
4.150000000000000000e+01
4.150000000000000000e+01
4.150000000000000000e+01
4.150000000000000000e+01
4.150000000000000000e+01
4.150000000000000000e+01
4.150000000000000000e+01
4.150000000000000000e+01
4.150000000000000000e+01
4.150000000000000000e+01
4.150000000000000000e+01
4.150000000000000000e+01
4.150000000000000000e+01
4.150000000000000000e+01
4.150000000000000000e+01
4.150000000000000000e+01
4.150000000000000000e+01
4.150000000000000000e+01
4.150000000000000000e+01
4.150000000000000000e+01
4.150000000000000000e+01
4.150000000000000000e+01
4.150000000000000000e+01
4.150000000000000000e+01
4.150000000000000000e+01
4.150000000000000000e+01
4.150000000000000000e+01
4.150000000000000000e+01
4.150000000000000000e+01
4.150000000000000000e+01
4.150000000000000000e+01
4.150000000000000000e+01
4.150000000000000000e+01
4.150000000000000000e+01
4.150000000000000000e+01
4.150000000000000000e+01
4.150000000000000000e+01
4.150000000000000000e+01
4.150000000000000000e+01
4.150000000000000000e+01
4.150000000000000000e+01
4.150000000000000000e+01
4.150000000000000000e+01
4.150000000000000000e+01
4.150000000000000000e+01
4.150000000000000000e+01
4.150000000000000000e+01
4.160000000000000142e+01
4.160000000000000142e+01
4.160000000000000142e+01
4.160000000000000142e+01
4.160000000000000142e+01
4.160000000000000142e+01
4.160000000000000142e+01
4.160000000000000142e+01
4.160000000000000142e+01
4.160000000000000142e+01
4.160000000000000142e+01
4.160000000000000142e+01
4.160000000000000142e+01
4.160000000000000142e+01
4.160000000000000142e+01
4.160000000000000142e+01
4.160000000000000142e+01
4.160000000000000142e+01
4.160000000000000142e+01
4.160000000000000142e+01
4.160000000000000142e+01
4.160000000000000142e+01
4.160000000000000142e+01
4.160000000000000142e+01
4.160000000000000142e+01
4.160000000000000142e+01
4.160000000000000142e+01
4.160000000000000142e+01
4.160000000000000142e+01
4.160000000000000142e+01
4.160000000000000142e+01
4.160000000000000142e+01
4.160000000000000142e+01
4.160000000000000142e+01
4.160000000000000142e+01
4.160000000000000142e+01
4.160000000000000142e+01
4.160000000000000142e+01
4.160000000000000142e+01
4.160000000000000142e+01
4.160000000000000142e+01
4.170000000000000284e+01
4.170000000000000284e+01
4.170000000000000284e+01
4.170000000000000284e+01
4.170000000000000284e+01
4.170000000000000284e+01
4.170000000000000284e+01
4.170000000000000284e+01
4.170000000000000284e+01
4.170000000000000284e+01
4.170000000000000284e+01
4.170000000000000284e+01
4.170000000000000284e+01
4.170000000000000284e+01
4.170000000000000284e+01
4.170000000000000284e+01
4.170000000000000284e+01
4.170000000000000284e+01
4.170000000000000284e+01
4.170000000000000284e+01
4.170000000000000284e+01
4.170000000000000284e+01
4.170000000000000284e+01
4.170000000000000284e+01
4.170000000000000284e+01
4.170000000000000284e+01
4.170000000000000284e+01
4.170000000000000284e+01
4.170000000000000284e+01
4.170000000000000284e+01
4.170000000000000284e+01
4.170000000000000284e+01
4.170000000000000284e+01
4.170000000000000284e+01
4.170000000000000284e+01
4.170000000000000284e+01
4.170000000000000284e+01
4.170000000000000284e+01
4.170000000000000284e+01
4.170000000000000284e+01
4.170000000000000284e+01
4.170000000000000284e+01
4.170000000000000284e+01
4.170000000000000284e+01
4.179999999999999716e+01
4.179999999999999716e+01
4.179999999999999716e+01
4.179999999999999716e+01
4.179999999999999716e+01
4.179999999999999716e+01
4.179999999999999716e+01
4.179999999999999716e+01
4.179999999999999716e+01
4.179999999999999716e+01
4.179999999999999716e+01
4.179999999999999716e+01
4.179999999999999716e+01
4.179999999999999716e+01
4.179999999999999716e+01
4.179999999999999716e+01
4.179999999999999716e+01
4.179999999999999716e+01
4.179999999999999716e+01
4.179999999999999716e+01
4.179999999999999716e+01
4.179999999999999716e+01
4.179999999999999716e+01
4.179999999999999716e+01
4.179999999999999716e+01
4.179999999999999716e+01
4.179999999999999716e+01
4.179999999999999716e+01
4.179999999999999716e+01
4.179999999999999716e+01
4.179999999999999716e+01
4.179999999999999716e+01
4.179999999999999716e+01
4.179999999999999716e+01
4.179999999999999716e+01
4.179999999999999716e+01
4.179999999999999716e+01
4.179999999999999716e+01
4.179999999999999716e+01
4.179999999999999716e+01
4.179999999999999716e+01
4.179999999999999716e+01
4.179999999999999716e+01
4.179999999999999716e+01
4.179999999999999716e+01
4.179999999999999716e+01
4.179999999999999716e+01
4.189999999999999858e+01
4.189999999999999858e+01
4.189999999999999858e+01
4.189999999999999858e+01
4.189999999999999858e+01
4.189999999999999858e+01
4.189999999999999858e+01
4.189999999999999858e+01
4.189999999999999858e+01
4.189999999999999858e+01
4.189999999999999858e+01
4.189999999999999858e+01
4.189999999999999858e+01
4.189999999999999858e+01
4.189999999999999858e+01
4.189999999999999858e+01
4.189999999999999858e+01
4.189999999999999858e+01
4.189999999999999858e+01
4.189999999999999858e+01
4.189999999999999858e+01
4.189999999999999858e+01
4.189999999999999858e+01
4.189999999999999858e+01
4.189999999999999858e+01
4.189999999999999858e+01
4.189999999999999858e+01
4.189999999999999858e+01
4.189999999999999858e+01
4.189999999999999858e+01
4.189999999999999858e+01
4.189999999999999858e+01
4.189999999999999858e+01
4.189999999999999858e+01
4.189999999999999858e+01
4.189999999999999858e+01
4.189999999999999858e+01
4.189999999999999858e+01
4.189999999999999858e+01
4.189999999999999858e+01
4.189999999999999858e+01
4.189999999999999858e+01
4.189999999999999858e+01
4.189999999999999858e+01
4.189999999999999858e+01
4.189999999999999858e+01
4.200000000000000000e+01
4.200000000000000000e+01
4.200000000000000000e+01
4.200000000000000000e+01
4.200000000000000000e+01
4.200000000000000000e+01
4.200000000000000000e+01
4.200000000000000000e+01
4.200000000000000000e+01
4.200000000000000000e+01
4.200000000000000000e+01
4.200000000000000000e+01
4.200000000000000000e+01
4.200000000000000000e+01
4.200000000000000000e+01
4.200000000000000000e+01
4.200000000000000000e+01
4.200000000000000000e+01
4.200000000000000000e+01
4.200000000000000000e+01
4.200000000000000000e+01
4.200000000000000000e+01
4.200000000000000000e+01
4.200000000000000000e+01
4.200000000000000000e+01
4.200000000000000000e+01
4.200000000000000000e+01
4.200000000000000000e+01
4.200000000000000000e+01
4.200000000000000000e+01
4.200000000000000000e+01
4.200000000000000000e+01
4.200000000000000000e+01
4.200000000000000000e+01
4.200000000000000000e+01
4.200000000000000000e+01
4.200000000000000000e+01
4.200000000000000000e+01
4.200000000000000000e+01
4.200000000000000000e+01
4.200000000000000000e+01
4.200000000000000000e+01
4.200000000000000000e+01
4.210000000000000142e+01
4.210000000000000142e+01
4.210000000000000142e+01
4.210000000000000142e+01
4.210000000000000142e+01
4.210000000000000142e+01
4.210000000000000142e+01
4.210000000000000142e+01
4.210000000000000142e+01
4.210000000000000142e+01
4.210000000000000142e+01
4.210000000000000142e+01
4.210000000000000142e+01
4.210000000000000142e+01
4.210000000000000142e+01
4.210000000000000142e+01
4.210000000000000142e+01
4.210000000000000142e+01
4.210000000000000142e+01
4.210000000000000142e+01
4.210000000000000142e+01
4.210000000000000142e+01
4.210000000000000142e+01
4.210000000000000142e+01
4.210000000000000142e+01
4.210000000000000142e+01
4.210000000000000142e+01
4.210000000000000142e+01
4.210000000000000142e+01
4.210000000000000142e+01
4.210000000000000142e+01
4.210000000000000142e+01
4.210000000000000142e+01
4.210000000000000142e+01
4.210000000000000142e+01
4.210000000000000142e+01
4.210000000000000142e+01
4.210000000000000142e+01
4.210000000000000142e+01
4.210000000000000142e+01
4.210000000000000142e+01
4.210000000000000142e+01
4.220000000000000284e+01
4.220000000000000284e+01
4.220000000000000284e+01
4.220000000000000284e+01
4.220000000000000284e+01
4.220000000000000284e+01
4.220000000000000284e+01
4.220000000000000284e+01
4.220000000000000284e+01
4.220000000000000284e+01
4.220000000000000284e+01
4.220000000000000284e+01
4.220000000000000284e+01
4.220000000000000284e+01
4.220000000000000284e+01
4.220000000000000284e+01
4.220000000000000284e+01
4.220000000000000284e+01
4.220000000000000284e+01
4.220000000000000284e+01
4.220000000000000284e+01
4.220000000000000284e+01
4.220000000000000284e+01
4.220000000000000284e+01
4.220000000000000284e+01
4.220000000000000284e+01
4.220000000000000284e+01
4.220000000000000284e+01
4.220000000000000284e+01
4.220000000000000284e+01
4.220000000000000284e+01
4.220000000000000284e+01
4.220000000000000284e+01
4.220000000000000284e+01
4.220000000000000284e+01
4.220000000000000284e+01
4.220000000000000284e+01
4.220000000000000284e+01
4.220000000000000284e+01
4.220000000000000284e+01
4.220000000000000284e+01
4.220000000000000284e+01
4.220000000000000284e+01
4.220000000000000284e+01
4.220000000000000284e+01
4.220000000000000284e+01
4.229999999999999716e+01
4.229999999999999716e+01
4.229999999999999716e+01
4.229999999999999716e+01
4.229999999999999716e+01
4.229999999999999716e+01
4.229999999999999716e+01
4.229999999999999716e+01
4.229999999999999716e+01
4.229999999999999716e+01
4.229999999999999716e+01
4.229999999999999716e+01
4.229999999999999716e+01
4.229999999999999716e+01
4.229999999999999716e+01
4.229999999999999716e+01
4.229999999999999716e+01
4.229999999999999716e+01
4.229999999999999716e+01
4.229999999999999716e+01
4.229999999999999716e+01
4.229999999999999716e+01
4.229999999999999716e+01
4.229999999999999716e+01
4.229999999999999716e+01
4.229999999999999716e+01
4.229999999999999716e+01
4.229999999999999716e+01
4.229999999999999716e+01
4.229999999999999716e+01
4.229999999999999716e+01
4.229999999999999716e+01
4.229999999999999716e+01
4.229999999999999716e+01
4.229999999999999716e+01
4.229999999999999716e+01
4.229999999999999716e+01
4.229999999999999716e+01
4.229999999999999716e+01
4.229999999999999716e+01
4.229999999999999716e+01
4.229999999999999716e+01
4.229999999999999716e+01
4.229999999999999716e+01
4.229999999999999716e+01
4.229999999999999716e+01
4.239999999999999858e+01
4.239999999999999858e+01
4.239999999999999858e+01
4.239999999999999858e+01
4.239999999999999858e+01
4.239999999999999858e+01
4.239999999999999858e+01
4.239999999999999858e+01
4.239999999999999858e+01
4.239999999999999858e+01
4.239999999999999858e+01
4.239999999999999858e+01
4.239999999999999858e+01
4.239999999999999858e+01
4.239999999999999858e+01
4.239999999999999858e+01
4.239999999999999858e+01
4.239999999999999858e+01
4.239999999999999858e+01
4.239999999999999858e+01
4.239999999999999858e+01
4.239999999999999858e+01
4.239999999999999858e+01
4.239999999999999858e+01
4.239999999999999858e+01
4.239999999999999858e+01
4.239999999999999858e+01
4.239999999999999858e+01
4.239999999999999858e+01
4.239999999999999858e+01
4.239999999999999858e+01
4.239999999999999858e+01
4.239999999999999858e+01
4.239999999999999858e+01
4.239999999999999858e+01
4.239999999999999858e+01
4.239999999999999858e+01
4.239999999999999858e+01
4.239999999999999858e+01
4.239999999999999858e+01
4.239999999999999858e+01
4.239999999999999858e+01
4.239999999999999858e+01
4.239999999999999858e+01
4.239999999999999858e+01
4.250000000000000000e+01
4.250000000000000000e+01
4.250000000000000000e+01
4.250000000000000000e+01
4.250000000000000000e+01
4.250000000000000000e+01
4.250000000000000000e+01
4.250000000000000000e+01
4.250000000000000000e+01
4.250000000000000000e+01
4.250000000000000000e+01
4.250000000000000000e+01
4.250000000000000000e+01
4.250000000000000000e+01
4.250000000000000000e+01
4.250000000000000000e+01
4.250000000000000000e+01
4.250000000000000000e+01
4.250000000000000000e+01
4.250000000000000000e+01
4.250000000000000000e+01
4.250000000000000000e+01
4.250000000000000000e+01
4.250000000000000000e+01
4.250000000000000000e+01
4.250000000000000000e+01
4.250000000000000000e+01
4.250000000000000000e+01
4.250000000000000000e+01
4.250000000000000000e+01
4.250000000000000000e+01
4.250000000000000000e+01
4.250000000000000000e+01
4.250000000000000000e+01
4.250000000000000000e+01
4.250000000000000000e+01
4.250000000000000000e+01
4.250000000000000000e+01
4.250000000000000000e+01
4.250000000000000000e+01
4.250000000000000000e+01
4.250000000000000000e+01
4.260000000000000142e+01
4.260000000000000142e+01
4.260000000000000142e+01
4.260000000000000142e+01
4.260000000000000142e+01
4.260000000000000142e+01
4.260000000000000142e+01
4.260000000000000142e+01
4.260000000000000142e+01
4.260000000000000142e+01
4.260000000000000142e+01
4.260000000000000142e+01
4.260000000000000142e+01
4.260000000000000142e+01
4.260000000000000142e+01
4.260000000000000142e+01
4.260000000000000142e+01
4.260000000000000142e+01
4.260000000000000142e+01
4.260000000000000142e+01
4.260000000000000142e+01
4.260000000000000142e+01
4.260000000000000142e+01
4.260000000000000142e+01
4.260000000000000142e+01
4.260000000000000142e+01
4.260000000000000142e+01
4.260000000000000142e+01
4.260000000000000142e+01
4.260000000000000142e+01
4.260000000000000142e+01
4.260000000000000142e+01
4.260000000000000142e+01
4.260000000000000142e+01
4.260000000000000142e+01
4.260000000000000142e+01
4.260000000000000142e+01
4.260000000000000142e+01
4.260000000000000142e+01
4.260000000000000142e+01
4.260000000000000142e+01
4.260000000000000142e+01
4.260000000000000142e+01
4.260000000000000142e+01
4.260000000000000142e+01
4.270000000000000284e+01
4.270000000000000284e+01
4.270000000000000284e+01
4.270000000000000284e+01
4.270000000000000284e+01
4.270000000000000284e+01
4.270000000000000284e+01
4.270000000000000284e+01
4.270000000000000284e+01
4.270000000000000284e+01
4.270000000000000284e+01
4.270000000000000284e+01
4.270000000000000284e+01
4.270000000000000284e+01
4.270000000000000284e+01
4.270000000000000284e+01
4.270000000000000284e+01
4.270000000000000284e+01
4.270000000000000284e+01
4.270000000000000284e+01
4.270000000000000284e+01
4.270000000000000284e+01
4.270000000000000284e+01
4.270000000000000284e+01
4.270000000000000284e+01
4.270000000000000284e+01
4.270000000000000284e+01
4.270000000000000284e+01
4.270000000000000284e+01
4.270000000000000284e+01
4.270000000000000284e+01
4.270000000000000284e+01
4.270000000000000284e+01
4.270000000000000284e+01
4.270000000000000284e+01
4.270000000000000284e+01
4.270000000000000284e+01
4.270000000000000284e+01
4.270000000000000284e+01
4.270000000000000284e+01
4.270000000000000284e+01
4.270000000000000284e+01
4.270000000000000284e+01
4.270000000000000284e+01
4.270000000000000284e+01
4.279999999999999716e+01
4.279999999999999716e+01
4.279999999999999716e+01
4.279999999999999716e+01
4.279999999999999716e+01
4.279999999999999716e+01
4.279999999999999716e+01
4.279999999999999716e+01
4.279999999999999716e+01
4.279999999999999716e+01
4.279999999999999716e+01
4.279999999999999716e+01
4.279999999999999716e+01
4.279999999999999716e+01
4.279999999999999716e+01
4.279999999999999716e+01
4.279999999999999716e+01
4.279999999999999716e+01
4.279999999999999716e+01
4.279999999999999716e+01
4.279999999999999716e+01
4.279999999999999716e+01
4.279999999999999716e+01
4.279999999999999716e+01
4.279999999999999716e+01
4.279999999999999716e+01
4.279999999999999716e+01
4.279999999999999716e+01
4.279999999999999716e+01
4.279999999999999716e+01
4.279999999999999716e+01
4.279999999999999716e+01
4.279999999999999716e+01
4.279999999999999716e+01
4.279999999999999716e+01
4.279999999999999716e+01
4.279999999999999716e+01
4.279999999999999716e+01
4.279999999999999716e+01
4.279999999999999716e+01
4.279999999999999716e+01
4.289999999999999858e+01
4.289999999999999858e+01
4.289999999999999858e+01
4.289999999999999858e+01
4.289999999999999858e+01
4.289999999999999858e+01
4.289999999999999858e+01
4.289999999999999858e+01
4.289999999999999858e+01
4.289999999999999858e+01
4.289999999999999858e+01
4.289999999999999858e+01
4.289999999999999858e+01
4.289999999999999858e+01
4.289999999999999858e+01
4.289999999999999858e+01
4.289999999999999858e+01
4.289999999999999858e+01
4.289999999999999858e+01
4.289999999999999858e+01
4.289999999999999858e+01
4.289999999999999858e+01
4.289999999999999858e+01
4.289999999999999858e+01
4.289999999999999858e+01
4.289999999999999858e+01
4.289999999999999858e+01
4.289999999999999858e+01
4.289999999999999858e+01
4.289999999999999858e+01
4.289999999999999858e+01
4.289999999999999858e+01
4.289999999999999858e+01
4.289999999999999858e+01
4.289999999999999858e+01
4.289999999999999858e+01
4.289999999999999858e+01
4.289999999999999858e+01
4.289999999999999858e+01
4.289999999999999858e+01
4.289999999999999858e+01
4.289999999999999858e+01
4.289999999999999858e+01
4.289999999999999858e+01
4.289999999999999858e+01
4.300000000000000000e+01
4.300000000000000000e+01
4.300000000000000000e+01
4.300000000000000000e+01
4.300000000000000000e+01
4.300000000000000000e+01
4.300000000000000000e+01
4.300000000000000000e+01
4.300000000000000000e+01
4.300000000000000000e+01
4.300000000000000000e+01
4.300000000000000000e+01
4.300000000000000000e+01
4.300000000000000000e+01
4.300000000000000000e+01
4.300000000000000000e+01
4.300000000000000000e+01
4.300000000000000000e+01
4.300000000000000000e+01
4.300000000000000000e+01
4.300000000000000000e+01
4.300000000000000000e+01
4.300000000000000000e+01
4.300000000000000000e+01
4.300000000000000000e+01
4.300000000000000000e+01
4.300000000000000000e+01
4.300000000000000000e+01
4.300000000000000000e+01
4.300000000000000000e+01
4.300000000000000000e+01
4.300000000000000000e+01
4.300000000000000000e+01
4.300000000000000000e+01
4.300000000000000000e+01
4.300000000000000000e+01
4.300000000000000000e+01
4.300000000000000000e+01
4.300000000000000000e+01
4.300000000000000000e+01
4.300000000000000000e+01
4.300000000000000000e+01
4.300000000000000000e+01
4.300000000000000000e+01
4.300000000000000000e+01
4.300000000000000000e+01
4.310000000000000142e+01
4.310000000000000142e+01
4.310000000000000142e+01
4.310000000000000142e+01
4.310000000000000142e+01
4.310000000000000142e+01
4.310000000000000142e+01
4.310000000000000142e+01
4.310000000000000142e+01
4.310000000000000142e+01
4.310000000000000142e+01
4.310000000000000142e+01
4.310000000000000142e+01
4.310000000000000142e+01
4.310000000000000142e+01
4.310000000000000142e+01
4.310000000000000142e+01
4.310000000000000142e+01
4.310000000000000142e+01
4.310000000000000142e+01
4.310000000000000142e+01
4.310000000000000142e+01
4.310000000000000142e+01
4.310000000000000142e+01
4.310000000000000142e+01
4.310000000000000142e+01
4.310000000000000142e+01
4.310000000000000142e+01
4.310000000000000142e+01
4.310000000000000142e+01
4.310000000000000142e+01
4.310000000000000142e+01
4.310000000000000142e+01
4.310000000000000142e+01
4.310000000000000142e+01
4.310000000000000142e+01
4.310000000000000142e+01
4.310000000000000142e+01
4.310000000000000142e+01
4.310000000000000142e+01
4.310000000000000142e+01
4.310000000000000142e+01
4.310000000000000142e+01
4.310000000000000142e+01
4.320000000000000284e+01
4.320000000000000284e+01
4.320000000000000284e+01
4.320000000000000284e+01
4.320000000000000284e+01
4.320000000000000284e+01
4.320000000000000284e+01
4.320000000000000284e+01
4.320000000000000284e+01
4.320000000000000284e+01
4.320000000000000284e+01
4.320000000000000284e+01
4.320000000000000284e+01
4.320000000000000284e+01
4.320000000000000284e+01
4.320000000000000284e+01
4.320000000000000284e+01
4.320000000000000284e+01
4.320000000000000284e+01
4.320000000000000284e+01
4.320000000000000284e+01
4.320000000000000284e+01
4.320000000000000284e+01
4.320000000000000284e+01
4.320000000000000284e+01
4.320000000000000284e+01
4.320000000000000284e+01
4.320000000000000284e+01
4.320000000000000284e+01
4.320000000000000284e+01
4.320000000000000284e+01
4.320000000000000284e+01
4.320000000000000284e+01
4.320000000000000284e+01
4.320000000000000284e+01
4.320000000000000284e+01
4.320000000000000284e+01
4.320000000000000284e+01
4.320000000000000284e+01
4.320000000000000284e+01
4.320000000000000284e+01
4.320000000000000284e+01
4.320000000000000284e+01
4.320000000000000284e+01
4.320000000000000284e+01
4.329999999999999716e+01
4.329999999999999716e+01
4.329999999999999716e+01
4.329999999999999716e+01
4.329999999999999716e+01
4.329999999999999716e+01
4.329999999999999716e+01
4.329999999999999716e+01
4.329999999999999716e+01
4.329999999999999716e+01
4.329999999999999716e+01
4.329999999999999716e+01
4.329999999999999716e+01
4.329999999999999716e+01
4.329999999999999716e+01
4.329999999999999716e+01
4.329999999999999716e+01
4.329999999999999716e+01
4.329999999999999716e+01
4.329999999999999716e+01
4.329999999999999716e+01
4.329999999999999716e+01
4.329999999999999716e+01
4.329999999999999716e+01
4.329999999999999716e+01
4.329999999999999716e+01
4.329999999999999716e+01
4.329999999999999716e+01
4.329999999999999716e+01
4.329999999999999716e+01
4.329999999999999716e+01
4.329999999999999716e+01
4.329999999999999716e+01
4.329999999999999716e+01
4.329999999999999716e+01
4.329999999999999716e+01
4.329999999999999716e+01
4.329999999999999716e+01
4.329999999999999716e+01
4.329999999999999716e+01
4.329999999999999716e+01
4.329999999999999716e+01
4.329999999999999716e+01
4.329999999999999716e+01
4.329999999999999716e+01
4.339999999999999858e+01
4.339999999999999858e+01
4.339999999999999858e+01
4.339999999999999858e+01
4.339999999999999858e+01
4.339999999999999858e+01
4.339999999999999858e+01
4.339999999999999858e+01
4.339999999999999858e+01
4.339999999999999858e+01
4.339999999999999858e+01
4.339999999999999858e+01
4.339999999999999858e+01
4.339999999999999858e+01
4.339999999999999858e+01
4.339999999999999858e+01
4.339999999999999858e+01
4.339999999999999858e+01
4.339999999999999858e+01
4.339999999999999858e+01
4.339999999999999858e+01
4.339999999999999858e+01
4.339999999999999858e+01
4.339999999999999858e+01
4.339999999999999858e+01
4.339999999999999858e+01
4.339999999999999858e+01
4.339999999999999858e+01
4.339999999999999858e+01
4.339999999999999858e+01
4.339999999999999858e+01
4.339999999999999858e+01
4.339999999999999858e+01
4.339999999999999858e+01
4.339999999999999858e+01
4.339999999999999858e+01
4.339999999999999858e+01
4.339999999999999858e+01
4.339999999999999858e+01
4.339999999999999858e+01
4.339999999999999858e+01
4.339999999999999858e+01
4.339999999999999858e+01
4.339999999999999858e+01
4.350000000000000000e+01
4.350000000000000000e+01
4.350000000000000000e+01
4.350000000000000000e+01
4.350000000000000000e+01
4.350000000000000000e+01
4.350000000000000000e+01
4.350000000000000000e+01
4.350000000000000000e+01
4.350000000000000000e+01
4.350000000000000000e+01
4.350000000000000000e+01
4.350000000000000000e+01
4.350000000000000000e+01
4.350000000000000000e+01
4.350000000000000000e+01
4.350000000000000000e+01
4.350000000000000000e+01
4.350000000000000000e+01
4.350000000000000000e+01
4.350000000000000000e+01
4.350000000000000000e+01
4.350000000000000000e+01
4.350000000000000000e+01
4.350000000000000000e+01
4.350000000000000000e+01
4.350000000000000000e+01
4.350000000000000000e+01
4.350000000000000000e+01
4.350000000000000000e+01
4.350000000000000000e+01
4.350000000000000000e+01
4.350000000000000000e+01
4.350000000000000000e+01
4.350000000000000000e+01
4.350000000000000000e+01
4.350000000000000000e+01
4.350000000000000000e+01
4.350000000000000000e+01
4.350000000000000000e+01
4.350000000000000000e+01
4.350000000000000000e+01
4.350000000000000000e+01
4.360000000000000142e+01
4.360000000000000142e+01
4.360000000000000142e+01
4.360000000000000142e+01
4.360000000000000142e+01
4.360000000000000142e+01
4.360000000000000142e+01
4.360000000000000142e+01
4.360000000000000142e+01
4.360000000000000142e+01
4.360000000000000142e+01
4.360000000000000142e+01
4.360000000000000142e+01
4.360000000000000142e+01
4.360000000000000142e+01
4.360000000000000142e+01
4.360000000000000142e+01
4.360000000000000142e+01
4.360000000000000142e+01
4.360000000000000142e+01
4.360000000000000142e+01
4.360000000000000142e+01
4.360000000000000142e+01
4.360000000000000142e+01
4.360000000000000142e+01
4.360000000000000142e+01
4.360000000000000142e+01
4.360000000000000142e+01
4.360000000000000142e+01
4.360000000000000142e+01
4.360000000000000142e+01
4.360000000000000142e+01
4.360000000000000142e+01
4.360000000000000142e+01
4.360000000000000142e+01
4.360000000000000142e+01
4.360000000000000142e+01
4.360000000000000142e+01
4.360000000000000142e+01
4.360000000000000142e+01
4.360000000000000142e+01
4.360000000000000142e+01
4.360000000000000142e+01
4.360000000000000142e+01
4.360000000000000142e+01
4.370000000000000284e+01
4.370000000000000284e+01
4.370000000000000284e+01
4.370000000000000284e+01
4.370000000000000284e+01
4.370000000000000284e+01
4.370000000000000284e+01
4.370000000000000284e+01
4.370000000000000284e+01
4.370000000000000284e+01
4.370000000000000284e+01
4.370000000000000284e+01
4.370000000000000284e+01
4.370000000000000284e+01
4.370000000000000284e+01
4.370000000000000284e+01
4.370000000000000284e+01
4.370000000000000284e+01
4.370000000000000284e+01
4.370000000000000284e+01
4.370000000000000284e+01
4.370000000000000284e+01
4.370000000000000284e+01
4.370000000000000284e+01
4.370000000000000284e+01
4.370000000000000284e+01
4.370000000000000284e+01
4.370000000000000284e+01
4.370000000000000284e+01
4.370000000000000284e+01
4.370000000000000284e+01
4.370000000000000284e+01
4.370000000000000284e+01
4.370000000000000284e+01
4.370000000000000284e+01
4.370000000000000284e+01
4.370000000000000284e+01
4.370000000000000284e+01
4.370000000000000284e+01
4.370000000000000284e+01
4.370000000000000284e+01
4.370000000000000284e+01
4.370000000000000284e+01
4.370000000000000284e+01
4.370000000000000284e+01
4.370000000000000284e+01
4.370000000000000284e+01
4.370000000000000284e+01
4.379999999999999716e+01
4.379999999999999716e+01
4.379999999999999716e+01
4.379999999999999716e+01
4.379999999999999716e+01
4.379999999999999716e+01
4.379999999999999716e+01
4.379999999999999716e+01
4.379999999999999716e+01
4.379999999999999716e+01
4.379999999999999716e+01
4.379999999999999716e+01
4.379999999999999716e+01
4.379999999999999716e+01
4.379999999999999716e+01
4.379999999999999716e+01
4.379999999999999716e+01
4.379999999999999716e+01
4.379999999999999716e+01
4.379999999999999716e+01
4.379999999999999716e+01
4.379999999999999716e+01
4.379999999999999716e+01
4.379999999999999716e+01
4.379999999999999716e+01
4.379999999999999716e+01
4.379999999999999716e+01
4.379999999999999716e+01
4.379999999999999716e+01
4.379999999999999716e+01
4.379999999999999716e+01
4.379999999999999716e+01
4.379999999999999716e+01
4.379999999999999716e+01
4.379999999999999716e+01
4.379999999999999716e+01
4.379999999999999716e+01
4.379999999999999716e+01
4.379999999999999716e+01
4.379999999999999716e+01
4.379999999999999716e+01
4.379999999999999716e+01
4.379999999999999716e+01
4.379999999999999716e+01
4.379999999999999716e+01
4.379999999999999716e+01
4.379999999999999716e+01
4.379999999999999716e+01
4.379999999999999716e+01
4.379999999999999716e+01
4.379999999999999716e+01
4.389999999999999858e+01
4.389999999999999858e+01
4.389999999999999858e+01
4.389999999999999858e+01
4.389999999999999858e+01
4.389999999999999858e+01
4.389999999999999858e+01
4.389999999999999858e+01
4.389999999999999858e+01
4.389999999999999858e+01
4.389999999999999858e+01
4.389999999999999858e+01
4.389999999999999858e+01
4.389999999999999858e+01
4.389999999999999858e+01
4.389999999999999858e+01
4.389999999999999858e+01
4.389999999999999858e+01
4.389999999999999858e+01
4.389999999999999858e+01
4.389999999999999858e+01
4.389999999999999858e+01
4.389999999999999858e+01
4.389999999999999858e+01
4.389999999999999858e+01
4.389999999999999858e+01
4.389999999999999858e+01
4.389999999999999858e+01
4.389999999999999858e+01
4.389999999999999858e+01
4.389999999999999858e+01
4.389999999999999858e+01
4.389999999999999858e+01
4.389999999999999858e+01
4.389999999999999858e+01
4.389999999999999858e+01
4.389999999999999858e+01
4.389999999999999858e+01
4.389999999999999858e+01
4.389999999999999858e+01
4.389999999999999858e+01
4.389999999999999858e+01
4.389999999999999858e+01
4.389999999999999858e+01
4.389999999999999858e+01
4.389999999999999858e+01
4.389999999999999858e+01
4.389999999999999858e+01
4.389999999999999858e+01
4.389999999999999858e+01
4.389999999999999858e+01
4.400000000000000000e+01
4.400000000000000000e+01
4.400000000000000000e+01
4.400000000000000000e+01
4.400000000000000000e+01
4.400000000000000000e+01
4.400000000000000000e+01
4.400000000000000000e+01
4.400000000000000000e+01
4.400000000000000000e+01
4.400000000000000000e+01
4.400000000000000000e+01
4.400000000000000000e+01
4.400000000000000000e+01
4.400000000000000000e+01
4.400000000000000000e+01
4.400000000000000000e+01
4.400000000000000000e+01
4.400000000000000000e+01
4.400000000000000000e+01
4.400000000000000000e+01
4.400000000000000000e+01
4.400000000000000000e+01
4.400000000000000000e+01
4.400000000000000000e+01
4.400000000000000000e+01
4.400000000000000000e+01
4.400000000000000000e+01
4.400000000000000000e+01
4.400000000000000000e+01
4.400000000000000000e+01
4.400000000000000000e+01
4.400000000000000000e+01
4.400000000000000000e+01
4.400000000000000000e+01
4.400000000000000000e+01
4.400000000000000000e+01
4.400000000000000000e+01
4.400000000000000000e+01
4.400000000000000000e+01
4.400000000000000000e+01
4.400000000000000000e+01
4.400000000000000000e+01
4.400000000000000000e+01
4.400000000000000000e+01
4.400000000000000000e+01
4.400000000000000000e+01
4.400000000000000000e+01
4.400000000000000000e+01
4.400000000000000000e+01
4.400000000000000000e+01
4.400000000000000000e+01
4.410000000000000142e+01
4.410000000000000142e+01
4.410000000000000142e+01
4.410000000000000142e+01
4.410000000000000142e+01
4.410000000000000142e+01
4.410000000000000142e+01
4.410000000000000142e+01
4.410000000000000142e+01
4.410000000000000142e+01
4.410000000000000142e+01
4.410000000000000142e+01
4.410000000000000142e+01
4.410000000000000142e+01
4.410000000000000142e+01
4.410000000000000142e+01
4.410000000000000142e+01
4.410000000000000142e+01
4.410000000000000142e+01
4.410000000000000142e+01
4.410000000000000142e+01
4.410000000000000142e+01
4.410000000000000142e+01
4.410000000000000142e+01
4.410000000000000142e+01
4.410000000000000142e+01
4.410000000000000142e+01
4.410000000000000142e+01
4.410000000000000142e+01
4.410000000000000142e+01
4.410000000000000142e+01
4.410000000000000142e+01
4.410000000000000142e+01
4.410000000000000142e+01
4.410000000000000142e+01
4.410000000000000142e+01
4.410000000000000142e+01
4.410000000000000142e+01
4.410000000000000142e+01
4.410000000000000142e+01
4.410000000000000142e+01
4.410000000000000142e+01
4.410000000000000142e+01
4.410000000000000142e+01
4.410000000000000142e+01
4.410000000000000142e+01
4.410000000000000142e+01
4.410000000000000142e+01
4.410000000000000142e+01
4.410000000000000142e+01
4.410000000000000142e+01
4.420000000000000284e+01
4.420000000000000284e+01
4.420000000000000284e+01
4.420000000000000284e+01
4.420000000000000284e+01
4.420000000000000284e+01
4.420000000000000284e+01
4.420000000000000284e+01
4.420000000000000284e+01
4.420000000000000284e+01
4.420000000000000284e+01
4.420000000000000284e+01
4.420000000000000284e+01
4.420000000000000284e+01
4.420000000000000284e+01
4.420000000000000284e+01
4.420000000000000284e+01
4.420000000000000284e+01
4.420000000000000284e+01
4.420000000000000284e+01
4.420000000000000284e+01
4.420000000000000284e+01
4.420000000000000284e+01
4.420000000000000284e+01
4.420000000000000284e+01
4.420000000000000284e+01
4.420000000000000284e+01
4.420000000000000284e+01
4.420000000000000284e+01
4.420000000000000284e+01
4.420000000000000284e+01
4.420000000000000284e+01
4.420000000000000284e+01
4.420000000000000284e+01
4.420000000000000284e+01
4.420000000000000284e+01
4.420000000000000284e+01
4.420000000000000284e+01
4.420000000000000284e+01
4.420000000000000284e+01
4.420000000000000284e+01
4.420000000000000284e+01
4.420000000000000284e+01
4.420000000000000284e+01
4.420000000000000284e+01
4.420000000000000284e+01
4.420000000000000284e+01
4.429999999999999716e+01
4.429999999999999716e+01
4.429999999999999716e+01
4.429999999999999716e+01
4.429999999999999716e+01
4.429999999999999716e+01
4.429999999999999716e+01
4.429999999999999716e+01
4.429999999999999716e+01
4.429999999999999716e+01
4.429999999999999716e+01
4.429999999999999716e+01
4.429999999999999716e+01
4.429999999999999716e+01
4.429999999999999716e+01
4.429999999999999716e+01
4.429999999999999716e+01
4.429999999999999716e+01
4.429999999999999716e+01
4.429999999999999716e+01
4.429999999999999716e+01
4.429999999999999716e+01
4.429999999999999716e+01
4.429999999999999716e+01
4.429999999999999716e+01
4.429999999999999716e+01
4.429999999999999716e+01
4.429999999999999716e+01
4.429999999999999716e+01
4.429999999999999716e+01
4.429999999999999716e+01
4.429999999999999716e+01
4.429999999999999716e+01
4.429999999999999716e+01
4.429999999999999716e+01
4.429999999999999716e+01
4.429999999999999716e+01
4.429999999999999716e+01
4.429999999999999716e+01
4.429999999999999716e+01
4.429999999999999716e+01
4.429999999999999716e+01
4.439999999999999858e+01
4.439999999999999858e+01
4.439999999999999858e+01
4.439999999999999858e+01
4.439999999999999858e+01
4.439999999999999858e+01
4.439999999999999858e+01
4.439999999999999858e+01
4.439999999999999858e+01
4.439999999999999858e+01
4.439999999999999858e+01
4.439999999999999858e+01
4.439999999999999858e+01
4.439999999999999858e+01
4.439999999999999858e+01
4.439999999999999858e+01
4.439999999999999858e+01
4.439999999999999858e+01
4.439999999999999858e+01
4.439999999999999858e+01
4.439999999999999858e+01
4.439999999999999858e+01
4.439999999999999858e+01
4.439999999999999858e+01
4.439999999999999858e+01
4.439999999999999858e+01
4.439999999999999858e+01
4.439999999999999858e+01
4.439999999999999858e+01
4.439999999999999858e+01
4.439999999999999858e+01
4.439999999999999858e+01
4.439999999999999858e+01
4.439999999999999858e+01
4.439999999999999858e+01
4.439999999999999858e+01
4.450000000000000000e+01
4.450000000000000000e+01
4.450000000000000000e+01
4.450000000000000000e+01
4.450000000000000000e+01
4.450000000000000000e+01
4.450000000000000000e+01
4.450000000000000000e+01
4.450000000000000000e+01
4.450000000000000000e+01
4.450000000000000000e+01
4.450000000000000000e+01
4.450000000000000000e+01
4.450000000000000000e+01
4.450000000000000000e+01
4.450000000000000000e+01
4.450000000000000000e+01
4.450000000000000000e+01
4.450000000000000000e+01
4.450000000000000000e+01
4.450000000000000000e+01
4.450000000000000000e+01
4.450000000000000000e+01
4.450000000000000000e+01
4.450000000000000000e+01
4.450000000000000000e+01
4.450000000000000000e+01
4.450000000000000000e+01
4.450000000000000000e+01
4.450000000000000000e+01
4.450000000000000000e+01
4.460000000000000142e+01
4.460000000000000142e+01
4.460000000000000142e+01
4.460000000000000142e+01
4.460000000000000142e+01
4.460000000000000142e+01
4.460000000000000142e+01
4.460000000000000142e+01
4.460000000000000142e+01
4.460000000000000142e+01
4.460000000000000142e+01
4.460000000000000142e+01
4.460000000000000142e+01
4.460000000000000142e+01
4.460000000000000142e+01
4.460000000000000142e+01
4.460000000000000142e+01
4.460000000000000142e+01
4.460000000000000142e+01
4.460000000000000142e+01
4.460000000000000142e+01
4.460000000000000142e+01
4.460000000000000142e+01
4.460000000000000142e+01
4.460000000000000142e+01
4.460000000000000142e+01
4.460000000000000142e+01
4.460000000000000142e+01
4.470000000000000284e+01
4.470000000000000284e+01
4.470000000000000284e+01
4.470000000000000284e+01
4.470000000000000284e+01
4.470000000000000284e+01
4.470000000000000284e+01
4.470000000000000284e+01
4.470000000000000284e+01
4.470000000000000284e+01
4.470000000000000284e+01
4.470000000000000284e+01
4.470000000000000284e+01
4.470000000000000284e+01
4.470000000000000284e+01
4.470000000000000284e+01
4.470000000000000284e+01
4.470000000000000284e+01
4.470000000000000284e+01
4.470000000000000284e+01
4.470000000000000284e+01
4.470000000000000284e+01
4.470000000000000284e+01
4.470000000000000284e+01
4.470000000000000284e+01
4.479999999999999716e+01
4.479999999999999716e+01
4.479999999999999716e+01
4.479999999999999716e+01
4.479999999999999716e+01
4.479999999999999716e+01
4.479999999999999716e+01
4.479999999999999716e+01
4.479999999999999716e+01
4.479999999999999716e+01
4.479999999999999716e+01
4.479999999999999716e+01
4.479999999999999716e+01
4.479999999999999716e+01
4.479999999999999716e+01
4.479999999999999716e+01
4.479999999999999716e+01
4.479999999999999716e+01
4.479999999999999716e+01
4.479999999999999716e+01
4.479999999999999716e+01
4.489999999999999858e+01
4.489999999999999858e+01
4.489999999999999858e+01
4.489999999999999858e+01
4.489999999999999858e+01
4.489999999999999858e+01
4.489999999999999858e+01
4.489999999999999858e+01
4.489999999999999858e+01
4.489999999999999858e+01
4.489999999999999858e+01
4.489999999999999858e+01
4.489999999999999858e+01
4.489999999999999858e+01
4.489999999999999858e+01
4.489999999999999858e+01
4.489999999999999858e+01
4.489999999999999858e+01
4.489999999999999858e+01
4.489999999999999858e+01
4.489999999999999858e+01
4.500000000000000000e+01
4.500000000000000000e+01
4.500000000000000000e+01
4.500000000000000000e+01
4.500000000000000000e+01
4.500000000000000000e+01
4.500000000000000000e+01
4.500000000000000000e+01
4.500000000000000000e+01
4.500000000000000000e+01
4.500000000000000000e+01
4.500000000000000000e+01
4.500000000000000000e+01
4.500000000000000000e+01
4.500000000000000000e+01
4.500000000000000000e+01
4.500000000000000000e+01
4.500000000000000000e+01
4.500000000000000000e+01
4.510000000000000142e+01
4.510000000000000142e+01
4.510000000000000142e+01
4.510000000000000142e+01
4.510000000000000142e+01
4.510000000000000142e+01
4.510000000000000142e+01
4.510000000000000142e+01
4.510000000000000142e+01
4.510000000000000142e+01
4.510000000000000142e+01
4.510000000000000142e+01
4.510000000000000142e+01
4.510000000000000142e+01
4.510000000000000142e+01
4.510000000000000142e+01
4.520000000000000284e+01
4.520000000000000284e+01
4.520000000000000284e+01
4.520000000000000284e+01
4.520000000000000284e+01
4.520000000000000284e+01
4.520000000000000284e+01
4.520000000000000284e+01
4.520000000000000284e+01
4.520000000000000284e+01
4.520000000000000284e+01
4.520000000000000284e+01
4.520000000000000284e+01
4.520000000000000284e+01
4.529999999999999716e+01
4.529999999999999716e+01
4.529999999999999716e+01
4.529999999999999716e+01
4.529999999999999716e+01
4.529999999999999716e+01
4.529999999999999716e+01
4.529999999999999716e+01
4.529999999999999716e+01
4.529999999999999716e+01
4.529999999999999716e+01
4.539999999999999858e+01
4.539999999999999858e+01
4.539999999999999858e+01
4.539999999999999858e+01
4.539999999999999858e+01
4.539999999999999858e+01
4.539999999999999858e+01
4.539999999999999858e+01
4.539999999999999858e+01
4.539999999999999858e+01
4.539999999999999858e+01
4.539999999999999858e+01
4.550000000000000000e+01
4.550000000000000000e+01
4.550000000000000000e+01
4.550000000000000000e+01
4.550000000000000000e+01
4.550000000000000000e+01
4.550000000000000000e+01
4.550000000000000000e+01
4.550000000000000000e+01
4.550000000000000000e+01
4.550000000000000000e+01
4.560000000000000142e+01
4.560000000000000142e+01
4.560000000000000142e+01
4.560000000000000142e+01
4.560000000000000142e+01
4.560000000000000142e+01
4.560000000000000142e+01
4.560000000000000142e+01
4.560000000000000142e+01
4.560000000000000142e+01
4.570000000000000284e+01
4.570000000000000284e+01
4.570000000000000284e+01
4.570000000000000284e+01
4.570000000000000284e+01
4.570000000000000284e+01
4.570000000000000284e+01
4.570000000000000284e+01
4.570000000000000284e+01
4.570000000000000284e+01
4.579999999999999716e+01
4.579999999999999716e+01
4.579999999999999716e+01
4.579999999999999716e+01
4.579999999999999716e+01
4.579999999999999716e+01
4.579999999999999716e+01
4.579999999999999716e+01
4.579999999999999716e+01
4.579999999999999716e+01
4.589999999999999858e+01
4.589999999999999858e+01
4.589999999999999858e+01
4.589999999999999858e+01
4.589999999999999858e+01
4.589999999999999858e+01
4.589999999999999858e+01
4.589999999999999858e+01
4.589999999999999858e+01
4.600000000000000000e+01
4.600000000000000000e+01
4.600000000000000000e+01
4.600000000000000000e+01
4.600000000000000000e+01
4.600000000000000000e+01
4.600000000000000000e+01
4.600000000000000000e+01
4.600000000000000000e+01
4.600000000000000000e+01
4.610000000000000142e+01
4.610000000000000142e+01
4.610000000000000142e+01
4.610000000000000142e+01
4.610000000000000142e+01
4.610000000000000142e+01
4.610000000000000142e+01
4.610000000000000142e+01
4.610000000000000142e+01
4.610000000000000142e+01
4.620000000000000284e+01
4.620000000000000284e+01
4.620000000000000284e+01
4.620000000000000284e+01
4.620000000000000284e+01
4.620000000000000284e+01
4.620000000000000284e+01
4.620000000000000284e+01
4.620000000000000284e+01
4.620000000000000284e+01
4.629999999999999716e+01
4.629999999999999716e+01
4.629999999999999716e+01
4.629999999999999716e+01
4.629999999999999716e+01
4.629999999999999716e+01
4.629999999999999716e+01
4.629999999999999716e+01
4.629999999999999716e+01
4.629999999999999716e+01
4.639999999999999858e+01
4.639999999999999858e+01
4.639999999999999858e+01
4.639999999999999858e+01
4.639999999999999858e+01
4.639999999999999858e+01
4.639999999999999858e+01
4.639999999999999858e+01
4.639999999999999858e+01
4.639999999999999858e+01
4.650000000000000000e+01
4.650000000000000000e+01
4.650000000000000000e+01
4.650000000000000000e+01
4.650000000000000000e+01
4.650000000000000000e+01
4.650000000000000000e+01
4.650000000000000000e+01
4.650000000000000000e+01
4.650000000000000000e+01
4.660000000000000142e+01
4.660000000000000142e+01
4.660000000000000142e+01
4.660000000000000142e+01
4.660000000000000142e+01
4.660000000000000142e+01
4.660000000000000142e+01
4.660000000000000142e+01
4.660000000000000142e+01
4.660000000000000142e+01
4.670000000000000284e+01
4.670000000000000284e+01
4.670000000000000284e+01
4.670000000000000284e+01
4.670000000000000284e+01
4.670000000000000284e+01
4.670000000000000284e+01
4.670000000000000284e+01
4.670000000000000284e+01
4.670000000000000284e+01
4.679999999999999716e+01
4.679999999999999716e+01
4.679999999999999716e+01
4.679999999999999716e+01
4.679999999999999716e+01
4.679999999999999716e+01
4.679999999999999716e+01
4.679999999999999716e+01
4.679999999999999716e+01
4.679999999999999716e+01
4.689999999999999858e+01
4.689999999999999858e+01
4.689999999999999858e+01
4.689999999999999858e+01
4.689999999999999858e+01
4.689999999999999858e+01
4.689999999999999858e+01
4.689999999999999858e+01
4.689999999999999858e+01
4.689999999999999858e+01
4.700000000000000000e+01
4.700000000000000000e+01
4.700000000000000000e+01
4.700000000000000000e+01
4.700000000000000000e+01
4.700000000000000000e+01
4.700000000000000000e+01
4.700000000000000000e+01
4.700000000000000000e+01
4.700000000000000000e+01
4.710000000000000142e+01
4.710000000000000142e+01
4.710000000000000142e+01
4.710000000000000142e+01
4.710000000000000142e+01
4.710000000000000142e+01
4.710000000000000142e+01
4.710000000000000142e+01
4.710000000000000142e+01
4.710000000000000142e+01
4.720000000000000284e+01
4.720000000000000284e+01
4.720000000000000284e+01
4.720000000000000284e+01
4.720000000000000284e+01
4.720000000000000284e+01
4.720000000000000284e+01
4.720000000000000284e+01
4.720000000000000284e+01
4.720000000000000284e+01
4.729999999999999716e+01
4.729999999999999716e+01
4.729999999999999716e+01
4.729999999999999716e+01
4.729999999999999716e+01
4.729999999999999716e+01
4.729999999999999716e+01
4.729999999999999716e+01
4.729999999999999716e+01
4.729999999999999716e+01
4.739999999999999858e+01
4.739999999999999858e+01
4.739999999999999858e+01
4.739999999999999858e+01
4.739999999999999858e+01
4.739999999999999858e+01
4.739999999999999858e+01
4.739999999999999858e+01
4.739999999999999858e+01
4.739999999999999858e+01
4.750000000000000000e+01
4.750000000000000000e+01
4.750000000000000000e+01
4.750000000000000000e+01
4.750000000000000000e+01
4.750000000000000000e+01
4.750000000000000000e+01
4.750000000000000000e+01
4.750000000000000000e+01
4.750000000000000000e+01
4.760000000000000142e+01
4.760000000000000142e+01
4.760000000000000142e+01
4.760000000000000142e+01
4.760000000000000142e+01
4.760000000000000142e+01
4.760000000000000142e+01
4.760000000000000142e+01
4.760000000000000142e+01
4.760000000000000142e+01
4.770000000000000284e+01
4.770000000000000284e+01
4.770000000000000284e+01
4.770000000000000284e+01
4.770000000000000284e+01
4.770000000000000284e+01
4.770000000000000284e+01
4.770000000000000284e+01
4.770000000000000284e+01
4.770000000000000284e+01
4.779999999999999716e+01
4.779999999999999716e+01
4.779999999999999716e+01
4.779999999999999716e+01
4.779999999999999716e+01
4.779999999999999716e+01
4.779999999999999716e+01
4.779999999999999716e+01
4.779999999999999716e+01
4.779999999999999716e+01
4.789999999999999858e+01
4.789999999999999858e+01
4.789999999999999858e+01
4.789999999999999858e+01
4.789999999999999858e+01
4.789999999999999858e+01
4.789999999999999858e+01
4.789999999999999858e+01
4.789999999999999858e+01
4.789999999999999858e+01
4.800000000000000000e+01
4.800000000000000000e+01
4.800000000000000000e+01
4.800000000000000000e+01
4.800000000000000000e+01
4.800000000000000000e+01
4.800000000000000000e+01
4.800000000000000000e+01
4.800000000000000000e+01
4.800000000000000000e+01
4.810000000000000142e+01
4.810000000000000142e+01
4.810000000000000142e+01
4.810000000000000142e+01
4.810000000000000142e+01
4.810000000000000142e+01
4.810000000000000142e+01
4.810000000000000142e+01
4.810000000000000142e+01
4.810000000000000142e+01
4.820000000000000284e+01
4.820000000000000284e+01
4.820000000000000284e+01
4.820000000000000284e+01
4.820000000000000284e+01
4.820000000000000284e+01
4.820000000000000284e+01
4.820000000000000284e+01
4.820000000000000284e+01
4.820000000000000284e+01
4.829999999999999716e+01
4.829999999999999716e+01
4.829999999999999716e+01
4.829999999999999716e+01
4.829999999999999716e+01
4.829999999999999716e+01
4.829999999999999716e+01
4.829999999999999716e+01
4.829999999999999716e+01
4.829999999999999716e+01
4.839999999999999858e+01
4.839999999999999858e+01
4.839999999999999858e+01
4.839999999999999858e+01
4.839999999999999858e+01
4.839999999999999858e+01
4.839999999999999858e+01
4.839999999999999858e+01
4.839999999999999858e+01
4.839999999999999858e+01
4.850000000000000000e+01
4.850000000000000000e+01
4.850000000000000000e+01
4.850000000000000000e+01
4.850000000000000000e+01
4.850000000000000000e+01
4.850000000000000000e+01
4.850000000000000000e+01
4.850000000000000000e+01
4.850000000000000000e+01
4.860000000000000142e+01
4.860000000000000142e+01
4.860000000000000142e+01
4.860000000000000142e+01
4.860000000000000142e+01
4.860000000000000142e+01
4.860000000000000142e+01
4.860000000000000142e+01
4.860000000000000142e+01
4.860000000000000142e+01
4.870000000000000284e+01
4.870000000000000284e+01
4.870000000000000284e+01
4.870000000000000284e+01
4.870000000000000284e+01
4.870000000000000284e+01
4.870000000000000284e+01
4.870000000000000284e+01
4.870000000000000284e+01
4.870000000000000284e+01
4.879999999999999716e+01
4.879999999999999716e+01
4.879999999999999716e+01
4.879999999999999716e+01
4.879999999999999716e+01
4.879999999999999716e+01
4.879999999999999716e+01
4.879999999999999716e+01
4.879999999999999716e+01
4.879999999999999716e+01
4.889999999999999858e+01
4.889999999999999858e+01
4.889999999999999858e+01
4.889999999999999858e+01
4.889999999999999858e+01
4.889999999999999858e+01
4.889999999999999858e+01
4.889999999999999858e+01
4.889999999999999858e+01
4.889999999999999858e+01
4.900000000000000000e+01
4.900000000000000000e+01
4.900000000000000000e+01
4.900000000000000000e+01
4.900000000000000000e+01
4.900000000000000000e+01
4.900000000000000000e+01
4.900000000000000000e+01
4.900000000000000000e+01
4.900000000000000000e+01
4.900000000000000000e+01
4.910000000000000142e+01
4.910000000000000142e+01
4.910000000000000142e+01
4.910000000000000142e+01
4.910000000000000142e+01
4.910000000000000142e+01
4.910000000000000142e+01
4.910000000000000142e+01
4.910000000000000142e+01
4.910000000000000142e+01
4.910000000000000142e+01
4.920000000000000284e+01
4.920000000000000284e+01
4.920000000000000284e+01
4.920000000000000284e+01
4.920000000000000284e+01
4.920000000000000284e+01
4.920000000000000284e+01
4.920000000000000284e+01
4.920000000000000284e+01
4.920000000000000284e+01
4.920000000000000284e+01
4.929999999999999716e+01
4.929999999999999716e+01
4.929999999999999716e+01
4.929999999999999716e+01
4.929999999999999716e+01
4.929999999999999716e+01
4.929999999999999716e+01
4.929999999999999716e+01
4.929999999999999716e+01
4.929999999999999716e+01
4.929999999999999716e+01
4.929999999999999716e+01
4.939999999999999858e+01
4.939999999999999858e+01
4.939999999999999858e+01
4.939999999999999858e+01
4.939999999999999858e+01
4.939999999999999858e+01
4.939999999999999858e+01
4.939999999999999858e+01
4.939999999999999858e+01
4.939999999999999858e+01
4.939999999999999858e+01
4.939999999999999858e+01
4.950000000000000000e+01
4.950000000000000000e+01
4.950000000000000000e+01
4.950000000000000000e+01
4.950000000000000000e+01
4.950000000000000000e+01
4.950000000000000000e+01
4.950000000000000000e+01
4.950000000000000000e+01
4.950000000000000000e+01
4.950000000000000000e+01
4.950000000000000000e+01
4.950000000000000000e+01
4.960000000000000142e+01
4.960000000000000142e+01
4.960000000000000142e+01
4.960000000000000142e+01
4.960000000000000142e+01
4.960000000000000142e+01
4.960000000000000142e+01
4.960000000000000142e+01
4.960000000000000142e+01
4.960000000000000142e+01
4.960000000000000142e+01
4.960000000000000142e+01
4.960000000000000142e+01
4.970000000000000284e+01
4.970000000000000284e+01
4.970000000000000284e+01
4.970000000000000284e+01
4.970000000000000284e+01
4.970000000000000284e+01
4.970000000000000284e+01
4.970000000000000284e+01
4.970000000000000284e+01
4.970000000000000284e+01
4.970000000000000284e+01
4.970000000000000284e+01
4.970000000000000284e+01
4.970000000000000284e+01
4.979999999999999716e+01
4.979999999999999716e+01
4.979999999999999716e+01
4.979999999999999716e+01
4.979999999999999716e+01
4.979999999999999716e+01
4.979999999999999716e+01
4.979999999999999716e+01
4.979999999999999716e+01
4.979999999999999716e+01
4.979999999999999716e+01
4.979999999999999716e+01
4.979999999999999716e+01
4.979999999999999716e+01
4.989999999999999858e+01
4.989999999999999858e+01
4.989999999999999858e+01
4.989999999999999858e+01
4.989999999999999858e+01
4.989999999999999858e+01
4.989999999999999858e+01
4.989999999999999858e+01
4.989999999999999858e+01
4.989999999999999858e+01
4.989999999999999858e+01
4.989999999999999858e+01
4.989999999999999858e+01
4.989999999999999858e+01
4.989999999999999858e+01
5.000000000000000000e+01
5.000000000000000000e+01
5.000000000000000000e+01
5.000000000000000000e+01
5.000000000000000000e+01
5.000000000000000000e+01
5.000000000000000000e+01
5.000000000000000000e+01
5.000000000000000000e+01
5.000000000000000000e+01
5.000000000000000000e+01
5.000000000000000000e+01
5.000000000000000000e+01
5.000000000000000000e+01
5.000000000000000000e+01
5.010000000000000142e+01
5.010000000000000142e+01
5.010000000000000142e+01
5.010000000000000142e+01
5.010000000000000142e+01
5.010000000000000142e+01
5.010000000000000142e+01
5.010000000000000142e+01
5.010000000000000142e+01
5.010000000000000142e+01
5.010000000000000142e+01
5.010000000000000142e+01
5.010000000000000142e+01
5.010000000000000142e+01
5.010000000000000142e+01
5.010000000000000142e+01
5.020000000000000284e+01
5.020000000000000284e+01
5.020000000000000284e+01
5.020000000000000284e+01
5.020000000000000284e+01
5.020000000000000284e+01
5.020000000000000284e+01
5.020000000000000284e+01
5.020000000000000284e+01
5.020000000000000284e+01
5.020000000000000284e+01
5.020000000000000284e+01
5.020000000000000284e+01
5.020000000000000284e+01
5.020000000000000284e+01
5.020000000000000284e+01
5.029999999999999716e+01
5.029999999999999716e+01
5.029999999999999716e+01
5.029999999999999716e+01
5.029999999999999716e+01
5.029999999999999716e+01
5.029999999999999716e+01
5.029999999999999716e+01
5.029999999999999716e+01
5.029999999999999716e+01
5.039999999999999858e+01
5.039999999999999858e+01
5.039999999999999858e+01
5.039999999999999858e+01
5.039999999999999858e+01
5.039999999999999858e+01
5.039999999999999858e+01
5.039999999999999858e+01
5.039999999999999858e+01
5.039999999999999858e+01
5.050000000000000000e+01
5.050000000000000000e+01
5.050000000000000000e+01
5.050000000000000000e+01
5.050000000000000000e+01
5.050000000000000000e+01
5.050000000000000000e+01
5.050000000000000000e+01
5.050000000000000000e+01
5.050000000000000000e+01
5.060000000000000142e+01
5.060000000000000142e+01
5.060000000000000142e+01
5.060000000000000142e+01
5.060000000000000142e+01
5.060000000000000142e+01
5.060000000000000142e+01
5.060000000000000142e+01
5.060000000000000142e+01
5.060000000000000142e+01
5.070000000000000284e+01
5.070000000000000284e+01
5.070000000000000284e+01
5.070000000000000284e+01
5.070000000000000284e+01
5.070000000000000284e+01
5.070000000000000284e+01
5.070000000000000284e+01
5.070000000000000284e+01
5.070000000000000284e+01
5.079999999999999716e+01
5.079999999999999716e+01
5.079999999999999716e+01
5.079999999999999716e+01
5.079999999999999716e+01
5.079999999999999716e+01
5.079999999999999716e+01
5.079999999999999716e+01
5.079999999999999716e+01
5.079999999999999716e+01
5.089999999999999858e+01
5.089999999999999858e+01
5.089999999999999858e+01
5.089999999999999858e+01
5.089999999999999858e+01
5.089999999999999858e+01
5.089999999999999858e+01
5.089999999999999858e+01
5.089999999999999858e+01
5.089999999999999858e+01
5.100000000000000000e+01
5.100000000000000000e+01
5.100000000000000000e+01
5.100000000000000000e+01
5.100000000000000000e+01
5.100000000000000000e+01
5.100000000000000000e+01
5.100000000000000000e+01
5.100000000000000000e+01
5.100000000000000000e+01
5.110000000000000142e+01
5.110000000000000142e+01
5.110000000000000142e+01
5.110000000000000142e+01
5.110000000000000142e+01
5.110000000000000142e+01
5.110000000000000142e+01
5.110000000000000142e+01
5.110000000000000142e+01
5.110000000000000142e+01
5.120000000000000284e+01
5.120000000000000284e+01
5.120000000000000284e+01
5.120000000000000284e+01
5.120000000000000284e+01
5.120000000000000284e+01
5.120000000000000284e+01
5.120000000000000284e+01
5.120000000000000284e+01
5.120000000000000284e+01
5.129999999999999716e+01
5.129999999999999716e+01
5.129999999999999716e+01
5.129999999999999716e+01
5.129999999999999716e+01
5.129999999999999716e+01
5.129999999999999716e+01
5.129999999999999716e+01
5.129999999999999716e+01
5.129999999999999716e+01
5.139999999999999858e+01
5.139999999999999858e+01
5.139999999999999858e+01
5.139999999999999858e+01
5.139999999999999858e+01
5.139999999999999858e+01
5.139999999999999858e+01
5.139999999999999858e+01
5.139999999999999858e+01
5.139999999999999858e+01
5.150000000000000000e+01
5.150000000000000000e+01
5.150000000000000000e+01
5.150000000000000000e+01
5.150000000000000000e+01
5.150000000000000000e+01
5.150000000000000000e+01
5.150000000000000000e+01
5.150000000000000000e+01
5.150000000000000000e+01
5.160000000000000142e+01
5.160000000000000142e+01
5.160000000000000142e+01
5.160000000000000142e+01
5.160000000000000142e+01
5.160000000000000142e+01
5.160000000000000142e+01
5.160000000000000142e+01
5.160000000000000142e+01
5.160000000000000142e+01
5.170000000000000284e+01
5.170000000000000284e+01
5.170000000000000284e+01
5.170000000000000284e+01
5.170000000000000284e+01
5.170000000000000284e+01
5.170000000000000284e+01
5.170000000000000284e+01
5.170000000000000284e+01
5.170000000000000284e+01
5.179999999999999716e+01
5.179999999999999716e+01
5.179999999999999716e+01
5.179999999999999716e+01
5.179999999999999716e+01
5.179999999999999716e+01
5.179999999999999716e+01
5.179999999999999716e+01
5.179999999999999716e+01
5.179999999999999716e+01
5.189999999999999858e+01
5.189999999999999858e+01
5.189999999999999858e+01
5.189999999999999858e+01
5.189999999999999858e+01
5.189999999999999858e+01
5.189999999999999858e+01
5.189999999999999858e+01
5.189999999999999858e+01
5.189999999999999858e+01
5.200000000000000000e+01
5.200000000000000000e+01
5.200000000000000000e+01
5.200000000000000000e+01
5.200000000000000000e+01
5.200000000000000000e+01
5.200000000000000000e+01
5.200000000000000000e+01
5.200000000000000000e+01
5.200000000000000000e+01
5.210000000000000142e+01
5.210000000000000142e+01
5.210000000000000142e+01
5.210000000000000142e+01
5.210000000000000142e+01
5.210000000000000142e+01
5.210000000000000142e+01
5.210000000000000142e+01
5.210000000000000142e+01
5.210000000000000142e+01
5.220000000000000284e+01
5.220000000000000284e+01
5.220000000000000284e+01
5.220000000000000284e+01
5.220000000000000284e+01
5.220000000000000284e+01
5.220000000000000284e+01
5.220000000000000284e+01
5.220000000000000284e+01
5.220000000000000284e+01
5.229999999999999716e+01
5.229999999999999716e+01
5.229999999999999716e+01
5.229999999999999716e+01
5.229999999999999716e+01
5.229999999999999716e+01
5.229999999999999716e+01
5.229999999999999716e+01
5.229999999999999716e+01
5.229999999999999716e+01
5.239999999999999858e+01
5.239999999999999858e+01
5.239999999999999858e+01
5.239999999999999858e+01
5.239999999999999858e+01
5.239999999999999858e+01
5.239999999999999858e+01
5.239999999999999858e+01
5.239999999999999858e+01
5.239999999999999858e+01
5.250000000000000000e+01
5.250000000000000000e+01
5.250000000000000000e+01
5.250000000000000000e+01
5.250000000000000000e+01
5.250000000000000000e+01
5.250000000000000000e+01
5.250000000000000000e+01
5.250000000000000000e+01
5.250000000000000000e+01
5.260000000000000142e+01
5.260000000000000142e+01
5.260000000000000142e+01
5.260000000000000142e+01
5.260000000000000142e+01
5.260000000000000142e+01
5.260000000000000142e+01
5.260000000000000142e+01
5.260000000000000142e+01
5.260000000000000142e+01
5.270000000000000284e+01
5.270000000000000284e+01
5.270000000000000284e+01
5.270000000000000284e+01
5.270000000000000284e+01
5.270000000000000284e+01
5.270000000000000284e+01
5.270000000000000284e+01
5.270000000000000284e+01
5.270000000000000284e+01
5.279999999999999716e+01
5.279999999999999716e+01
5.279999999999999716e+01
5.279999999999999716e+01
5.279999999999999716e+01
5.279999999999999716e+01
5.279999999999999716e+01
5.279999999999999716e+01
5.279999999999999716e+01
5.279999999999999716e+01
5.289999999999999858e+01
5.289999999999999858e+01
5.289999999999999858e+01
5.289999999999999858e+01
5.289999999999999858e+01
5.289999999999999858e+01
5.289999999999999858e+01
5.289999999999999858e+01
5.289999999999999858e+01
5.289999999999999858e+01
5.300000000000000000e+01
5.300000000000000000e+01
5.300000000000000000e+01
5.300000000000000000e+01
5.300000000000000000e+01
5.300000000000000000e+01
5.300000000000000000e+01
5.300000000000000000e+01
5.300000000000000000e+01
5.300000000000000000e+01
5.310000000000000142e+01
5.310000000000000142e+01
5.310000000000000142e+01
5.310000000000000142e+01
5.310000000000000142e+01
5.310000000000000142e+01
5.310000000000000142e+01
5.310000000000000142e+01
5.310000000000000142e+01
5.310000000000000142e+01
5.320000000000000284e+01
5.320000000000000284e+01
5.320000000000000284e+01
5.320000000000000284e+01
5.320000000000000284e+01
5.320000000000000284e+01
5.320000000000000284e+01
5.320000000000000284e+01
5.320000000000000284e+01
5.320000000000000284e+01
5.329999999999999716e+01
5.329999999999999716e+01
5.329999999999999716e+01
5.329999999999999716e+01
5.329999999999999716e+01
5.329999999999999716e+01
5.329999999999999716e+01
5.329999999999999716e+01
5.329999999999999716e+01
5.329999999999999716e+01
5.339999999999999858e+01
5.339999999999999858e+01
5.339999999999999858e+01
5.339999999999999858e+01
5.339999999999999858e+01
5.339999999999999858e+01
5.339999999999999858e+01
5.339999999999999858e+01
5.339999999999999858e+01
5.339999999999999858e+01
5.350000000000000000e+01
5.350000000000000000e+01
5.350000000000000000e+01
5.350000000000000000e+01
5.350000000000000000e+01
5.350000000000000000e+01
5.350000000000000000e+01
5.350000000000000000e+01
5.350000000000000000e+01
5.350000000000000000e+01
5.360000000000000142e+01
5.360000000000000142e+01
5.360000000000000142e+01
5.360000000000000142e+01
5.360000000000000142e+01
5.360000000000000142e+01
5.360000000000000142e+01
5.360000000000000142e+01
5.360000000000000142e+01
5.360000000000000142e+01
5.370000000000000284e+01
5.370000000000000284e+01
5.370000000000000284e+01
5.370000000000000284e+01
5.370000000000000284e+01
5.370000000000000284e+01
5.370000000000000284e+01
5.370000000000000284e+01
5.370000000000000284e+01
5.370000000000000284e+01
5.379999999999999716e+01
5.379999999999999716e+01
5.379999999999999716e+01
5.379999999999999716e+01
5.379999999999999716e+01
5.379999999999999716e+01
5.379999999999999716e+01
5.379999999999999716e+01
5.379999999999999716e+01
5.379999999999999716e+01
5.389999999999999858e+01
5.389999999999999858e+01
5.389999999999999858e+01
5.389999999999999858e+01
5.389999999999999858e+01
5.389999999999999858e+01
5.389999999999999858e+01
5.389999999999999858e+01
5.389999999999999858e+01
5.389999999999999858e+01
5.400000000000000000e+01
5.400000000000000000e+01
5.400000000000000000e+01
5.400000000000000000e+01
5.400000000000000000e+01
5.400000000000000000e+01
5.400000000000000000e+01
5.400000000000000000e+01
5.400000000000000000e+01
5.400000000000000000e+01
5.410000000000000142e+01
5.410000000000000142e+01
5.410000000000000142e+01
5.410000000000000142e+01
5.410000000000000142e+01
5.410000000000000142e+01
5.410000000000000142e+01
5.410000000000000142e+01
5.410000000000000142e+01
5.410000000000000142e+01
5.420000000000000284e+01
5.420000000000000284e+01
5.420000000000000284e+01
5.420000000000000284e+01
5.420000000000000284e+01
5.420000000000000284e+01
5.420000000000000284e+01
5.420000000000000284e+01
5.420000000000000284e+01
5.420000000000000284e+01
5.429999999999999716e+01
5.429999999999999716e+01
5.429999999999999716e+01
5.429999999999999716e+01
5.429999999999999716e+01
5.429999999999999716e+01
5.429999999999999716e+01
5.429999999999999716e+01
5.429999999999999716e+01
5.429999999999999716e+01
5.439999999999999858e+01
5.439999999999999858e+01
5.439999999999999858e+01
5.439999999999999858e+01
5.439999999999999858e+01
5.439999999999999858e+01
5.439999999999999858e+01
5.439999999999999858e+01
5.439999999999999858e+01
5.439999999999999858e+01
5.450000000000000000e+01
5.450000000000000000e+01
5.450000000000000000e+01
5.450000000000000000e+01
5.450000000000000000e+01
5.450000000000000000e+01
5.450000000000000000e+01
5.450000000000000000e+01
5.450000000000000000e+01
5.450000000000000000e+01
5.460000000000000142e+01
5.460000000000000142e+01
5.460000000000000142e+01
5.460000000000000142e+01
5.460000000000000142e+01
5.460000000000000142e+01
5.460000000000000142e+01
5.460000000000000142e+01
5.460000000000000142e+01
5.460000000000000142e+01
5.470000000000000284e+01
5.470000000000000284e+01
5.470000000000000284e+01
5.470000000000000284e+01
5.470000000000000284e+01
5.470000000000000284e+01
5.470000000000000284e+01
5.470000000000000284e+01
5.470000000000000284e+01
5.470000000000000284e+01
5.479999999999999716e+01
5.479999999999999716e+01
5.479999999999999716e+01
5.479999999999999716e+01
5.479999999999999716e+01
5.479999999999999716e+01
5.479999999999999716e+01
5.479999999999999716e+01
5.479999999999999716e+01
5.479999999999999716e+01
5.489999999999999858e+01
5.489999999999999858e+01
5.489999999999999858e+01
5.489999999999999858e+01
5.489999999999999858e+01
5.489999999999999858e+01
5.489999999999999858e+01
5.489999999999999858e+01
5.489999999999999858e+01
5.489999999999999858e+01
5.500000000000000000e+01
5.500000000000000000e+01
5.500000000000000000e+01
5.500000000000000000e+01
5.500000000000000000e+01
5.500000000000000000e+01
5.500000000000000000e+01
5.500000000000000000e+01
5.500000000000000000e+01
5.500000000000000000e+01
5.510000000000000142e+01
5.510000000000000142e+01
5.510000000000000142e+01
5.510000000000000142e+01
5.510000000000000142e+01
5.510000000000000142e+01
5.510000000000000142e+01
5.510000000000000142e+01
5.510000000000000142e+01
5.510000000000000142e+01
5.520000000000000284e+01
5.520000000000000284e+01
5.520000000000000284e+01
5.520000000000000284e+01
5.520000000000000284e+01
5.520000000000000284e+01
5.520000000000000284e+01
5.520000000000000284e+01
5.520000000000000284e+01
5.520000000000000284e+01
5.529999999999999716e+01
5.529999999999999716e+01
5.529999999999999716e+01
5.529999999999999716e+01
5.529999999999999716e+01
5.529999999999999716e+01
5.529999999999999716e+01
5.529999999999999716e+01
5.529999999999999716e+01
5.529999999999999716e+01
5.539999999999999858e+01
5.539999999999999858e+01
5.539999999999999858e+01
5.539999999999999858e+01
5.539999999999999858e+01
5.539999999999999858e+01
5.539999999999999858e+01
5.539999999999999858e+01
5.539999999999999858e+01
5.539999999999999858e+01
5.550000000000000000e+01
5.550000000000000000e+01
5.550000000000000000e+01
5.550000000000000000e+01
5.550000000000000000e+01
5.550000000000000000e+01
5.550000000000000000e+01
5.550000000000000000e+01
5.550000000000000000e+01
5.550000000000000000e+01
5.560000000000000142e+01
5.560000000000000142e+01
5.560000000000000142e+01
5.560000000000000142e+01
5.560000000000000142e+01
5.560000000000000142e+01
5.560000000000000142e+01
5.560000000000000142e+01
5.560000000000000142e+01
5.560000000000000142e+01
5.570000000000000284e+01
5.570000000000000284e+01
5.570000000000000284e+01
5.570000000000000284e+01
5.570000000000000284e+01
5.570000000000000284e+01
5.570000000000000284e+01
5.570000000000000284e+01
5.570000000000000284e+01
5.570000000000000284e+01
5.579999999999999716e+01
5.579999999999999716e+01
5.579999999999999716e+01
5.579999999999999716e+01
5.579999999999999716e+01
5.579999999999999716e+01
5.579999999999999716e+01
5.579999999999999716e+01
5.579999999999999716e+01
5.579999999999999716e+01
5.589999999999999858e+01
5.589999999999999858e+01
5.589999999999999858e+01
5.589999999999999858e+01
5.589999999999999858e+01
5.589999999999999858e+01
5.589999999999999858e+01
5.589999999999999858e+01
5.589999999999999858e+01
5.589999999999999858e+01
5.600000000000000000e+01
5.600000000000000000e+01
5.600000000000000000e+01
5.600000000000000000e+01
5.600000000000000000e+01
5.600000000000000000e+01
5.600000000000000000e+01
5.600000000000000000e+01
5.600000000000000000e+01
5.600000000000000000e+01
5.610000000000000142e+01
5.610000000000000142e+01
5.610000000000000142e+01
5.610000000000000142e+01
5.610000000000000142e+01
5.610000000000000142e+01
5.610000000000000142e+01
5.610000000000000142e+01
5.610000000000000142e+01
5.610000000000000142e+01
5.620000000000000284e+01
5.620000000000000284e+01
5.620000000000000284e+01
5.620000000000000284e+01
5.620000000000000284e+01
5.620000000000000284e+01
5.620000000000000284e+01
5.620000000000000284e+01
5.620000000000000284e+01
5.620000000000000284e+01
5.629999999999999716e+01
5.629999999999999716e+01
5.629999999999999716e+01
5.629999999999999716e+01
5.629999999999999716e+01
5.629999999999999716e+01
5.629999999999999716e+01
5.629999999999999716e+01
5.629999999999999716e+01
5.629999999999999716e+01
5.640000000000000568e+01
5.640000000000000568e+01
5.640000000000000568e+01
5.640000000000000568e+01
5.640000000000000568e+01
5.640000000000000568e+01
5.640000000000000568e+01
5.640000000000000568e+01
5.640000000000000568e+01
5.640000000000000568e+01
5.650000000000000000e+01
5.650000000000000000e+01
5.650000000000000000e+01
5.650000000000000000e+01
5.650000000000000000e+01
5.650000000000000000e+01
5.650000000000000000e+01
5.650000000000000000e+01
5.650000000000000000e+01
5.650000000000000000e+01
5.660000000000000142e+01
5.660000000000000142e+01
5.660000000000000142e+01
5.660000000000000142e+01
5.660000000000000142e+01
5.660000000000000142e+01
5.660000000000000142e+01
5.660000000000000142e+01
5.660000000000000142e+01
5.660000000000000142e+01
5.670000000000000284e+01
5.670000000000000284e+01
5.670000000000000284e+01
5.670000000000000284e+01
5.670000000000000284e+01
5.670000000000000284e+01
5.670000000000000284e+01
5.670000000000000284e+01
5.670000000000000284e+01
5.670000000000000284e+01
5.679999999999999716e+01
5.679999999999999716e+01
5.679999999999999716e+01
5.679999999999999716e+01
5.679999999999999716e+01
5.679999999999999716e+01
5.679999999999999716e+01
5.679999999999999716e+01
5.679999999999999716e+01
5.679999999999999716e+01
5.690000000000000568e+01
5.690000000000000568e+01
5.690000000000000568e+01
5.690000000000000568e+01
5.690000000000000568e+01
5.690000000000000568e+01
5.690000000000000568e+01
5.690000000000000568e+01
5.690000000000000568e+01
5.690000000000000568e+01
5.700000000000000000e+01
5.700000000000000000e+01
5.700000000000000000e+01
5.700000000000000000e+01
5.700000000000000000e+01
5.700000000000000000e+01
5.700000000000000000e+01
5.700000000000000000e+01
5.700000000000000000e+01
5.700000000000000000e+01
5.710000000000000142e+01
5.710000000000000142e+01
5.710000000000000142e+01
5.710000000000000142e+01
5.710000000000000142e+01
5.710000000000000142e+01
5.710000000000000142e+01
5.710000000000000142e+01
5.710000000000000142e+01
5.710000000000000142e+01
5.720000000000000284e+01
5.720000000000000284e+01
5.720000000000000284e+01
5.720000000000000284e+01
5.720000000000000284e+01
5.720000000000000284e+01
5.720000000000000284e+01
5.720000000000000284e+01
5.720000000000000284e+01
5.720000000000000284e+01
5.729999999999999716e+01
5.729999999999999716e+01
5.729999999999999716e+01
5.729999999999999716e+01
5.729999999999999716e+01
5.729999999999999716e+01
5.729999999999999716e+01
5.729999999999999716e+01
5.729999999999999716e+01
5.729999999999999716e+01
5.740000000000000568e+01
5.740000000000000568e+01
5.740000000000000568e+01
5.740000000000000568e+01
5.740000000000000568e+01
5.740000000000000568e+01
5.740000000000000568e+01
5.740000000000000568e+01
5.740000000000000568e+01
5.740000000000000568e+01
5.750000000000000000e+01
5.750000000000000000e+01
5.750000000000000000e+01
5.750000000000000000e+01
5.750000000000000000e+01
5.750000000000000000e+01
5.750000000000000000e+01
5.750000000000000000e+01
5.750000000000000000e+01
5.750000000000000000e+01
5.760000000000000142e+01
5.760000000000000142e+01
5.760000000000000142e+01
5.760000000000000142e+01
5.760000000000000142e+01
5.760000000000000142e+01
5.760000000000000142e+01
5.760000000000000142e+01
5.760000000000000142e+01
5.760000000000000142e+01
5.770000000000000284e+01
5.770000000000000284e+01
5.770000000000000284e+01
5.770000000000000284e+01
5.770000000000000284e+01
5.770000000000000284e+01
5.770000000000000284e+01
5.770000000000000284e+01
5.770000000000000284e+01
5.770000000000000284e+01
5.779999999999999716e+01
5.779999999999999716e+01
5.779999999999999716e+01
5.779999999999999716e+01
5.779999999999999716e+01
5.779999999999999716e+01
5.779999999999999716e+01
5.779999999999999716e+01
5.779999999999999716e+01
5.779999999999999716e+01
5.790000000000000568e+01
5.790000000000000568e+01
5.790000000000000568e+01
5.790000000000000568e+01
5.790000000000000568e+01
5.790000000000000568e+01
5.790000000000000568e+01
5.790000000000000568e+01
5.790000000000000568e+01
5.790000000000000568e+01
5.800000000000000000e+01
5.800000000000000000e+01
5.800000000000000000e+01
5.800000000000000000e+01
5.800000000000000000e+01
5.800000000000000000e+01
5.800000000000000000e+01
5.800000000000000000e+01
5.800000000000000000e+01
5.800000000000000000e+01
5.810000000000000142e+01
5.810000000000000142e+01
5.810000000000000142e+01
5.810000000000000142e+01
5.810000000000000142e+01
5.810000000000000142e+01
5.810000000000000142e+01
5.810000000000000142e+01
5.810000000000000142e+01
5.810000000000000142e+01
5.820000000000000284e+01
5.820000000000000284e+01
5.820000000000000284e+01
5.820000000000000284e+01
5.820000000000000284e+01
5.820000000000000284e+01
5.820000000000000284e+01
5.820000000000000284e+01
5.820000000000000284e+01
5.820000000000000284e+01
5.829999999999999716e+01
5.829999999999999716e+01
5.829999999999999716e+01
5.829999999999999716e+01
5.829999999999999716e+01
5.829999999999999716e+01
5.829999999999999716e+01
5.829999999999999716e+01
5.829999999999999716e+01
5.829999999999999716e+01
5.840000000000000568e+01
5.840000000000000568e+01
5.840000000000000568e+01
5.840000000000000568e+01
5.840000000000000568e+01
5.840000000000000568e+01
5.840000000000000568e+01
5.840000000000000568e+01
5.840000000000000568e+01
5.840000000000000568e+01
5.850000000000000000e+01
5.850000000000000000e+01
5.850000000000000000e+01
5.850000000000000000e+01
5.850000000000000000e+01
5.850000000000000000e+01
5.850000000000000000e+01
5.850000000000000000e+01
5.850000000000000000e+01
5.850000000000000000e+01
5.860000000000000142e+01
5.860000000000000142e+01
5.860000000000000142e+01
5.860000000000000142e+01
5.860000000000000142e+01
5.860000000000000142e+01
5.860000000000000142e+01
5.860000000000000142e+01
5.860000000000000142e+01
5.860000000000000142e+01
5.870000000000000284e+01
5.870000000000000284e+01
5.870000000000000284e+01
5.870000000000000284e+01
5.870000000000000284e+01
5.870000000000000284e+01
5.870000000000000284e+01
5.870000000000000284e+01
5.870000000000000284e+01
5.870000000000000284e+01
5.879999999999999716e+01
5.879999999999999716e+01
5.879999999999999716e+01
5.879999999999999716e+01
5.879999999999999716e+01
5.879999999999999716e+01
5.879999999999999716e+01
5.879999999999999716e+01
5.879999999999999716e+01
5.879999999999999716e+01
5.890000000000000568e+01
5.890000000000000568e+01
5.890000000000000568e+01
5.890000000000000568e+01
5.890000000000000568e+01
5.890000000000000568e+01
5.890000000000000568e+01
5.890000000000000568e+01
5.890000000000000568e+01
5.890000000000000568e+01
5.900000000000000000e+01
5.900000000000000000e+01
5.900000000000000000e+01
5.900000000000000000e+01
5.900000000000000000e+01
5.900000000000000000e+01
5.900000000000000000e+01
5.900000000000000000e+01
5.900000000000000000e+01
5.900000000000000000e+01
5.910000000000000142e+01
5.910000000000000142e+01
5.910000000000000142e+01
5.910000000000000142e+01
5.910000000000000142e+01
5.910000000000000142e+01
5.910000000000000142e+01
5.910000000000000142e+01
5.910000000000000142e+01
5.910000000000000142e+01
5.920000000000000284e+01
5.920000000000000284e+01
5.920000000000000284e+01
5.920000000000000284e+01
5.920000000000000284e+01
5.920000000000000284e+01
5.920000000000000284e+01
5.920000000000000284e+01
5.920000000000000284e+01
5.920000000000000284e+01
5.929999999999999716e+01
5.929999999999999716e+01
5.929999999999999716e+01
5.929999999999999716e+01
5.929999999999999716e+01
5.929999999999999716e+01
5.929999999999999716e+01
5.929999999999999716e+01
5.929999999999999716e+01
5.929999999999999716e+01
5.940000000000000568e+01
5.940000000000000568e+01
5.940000000000000568e+01
5.940000000000000568e+01
5.940000000000000568e+01
5.940000000000000568e+01
5.940000000000000568e+01
5.940000000000000568e+01
5.940000000000000568e+01
5.940000000000000568e+01
5.950000000000000000e+01
5.950000000000000000e+01
5.950000000000000000e+01
5.950000000000000000e+01
5.950000000000000000e+01
5.950000000000000000e+01
5.950000000000000000e+01
5.950000000000000000e+01
5.950000000000000000e+01
5.950000000000000000e+01
5.960000000000000142e+01
5.960000000000000142e+01
5.960000000000000142e+01
5.960000000000000142e+01
5.960000000000000142e+01
5.960000000000000142e+01
5.960000000000000142e+01
5.960000000000000142e+01
5.960000000000000142e+01
5.960000000000000142e+01
5.970000000000000284e+01
5.970000000000000284e+01
5.970000000000000284e+01
5.970000000000000284e+01
5.970000000000000284e+01
5.970000000000000284e+01
5.970000000000000284e+01
5.970000000000000284e+01
5.970000000000000284e+01
5.970000000000000284e+01
5.979999999999999716e+01
5.979999999999999716e+01
5.979999999999999716e+01
5.979999999999999716e+01
5.979999999999999716e+01
5.979999999999999716e+01
5.979999999999999716e+01
5.979999999999999716e+01
5.979999999999999716e+01
5.979999999999999716e+01
5.990000000000000568e+01
5.990000000000000568e+01
5.990000000000000568e+01
5.990000000000000568e+01
5.990000000000000568e+01
5.990000000000000568e+01
5.990000000000000568e+01
5.990000000000000568e+01
5.990000000000000568e+01
5.990000000000000568e+01
6.000000000000000000e+01
6.000000000000000000e+01
6.000000000000000000e+01
6.000000000000000000e+01
6.000000000000000000e+01
6.000000000000000000e+01
6.000000000000000000e+01
6.000000000000000000e+01
6.000000000000000000e+01
6.000000000000000000e+01
