7.956702946274200272e+00
9.263639874352875836e+00
9.624795797408928877e+00
9.371481261862125933e+00
9.840194678173261877e+00
1.476122355718293022e+01
-5.529635288757679401e-01
9.010258156668063734e+00
8.913716566647776673e+00
9.463679845633107490e+00
1.413792202088105654e+01
-2.901668711064099071e+00
1.264220986688055781e+01
1.355714387677160992e+01
7.973149846571542909e+00
1.001254931435168061e+01
1.138555786704699813e+01
1.128643673023867677e+01
1.198501008061989204e+01
8.033845780908665191e+00
1.049751470724325308e+01
1.050161857620270922e+01
1.085209961610378393e+01
1.655302377509721268e+01
9.901431205082262821e+00
1.194572803536519956e+01
1.219849286913179398e+01
1.329897405996235982e+01
9.721020126991644972e+00
1.375463149569828225e+01
-1.773121820933465820e+00
1.620917257278216539e+01
1.263041557788809754e+01
-3.092144297541810083e+00
-3.385191100772928507e+00
-2.762366427797530388e+00
1.042037227406496669e+01
9.786594560478045324e+00
9.704809401547469960e+00
9.970538721940368276e+00
1.374737329689312837e+01
-4.711488887043840279e+00
-1.179902739105080034e+00
1.401094118537005073e+01
5.340157180584392371e+00
8.376128793167888276e+00
8.487141590052527107e+00
8.317361443278672439e+00
8.688825975397119095e+00
1.188045830546541382e+01
-1.967507101056301666e+00
-4.601061001363069836e-01
1.359839512205520684e+01
1.317640021887876500e+01
-4.388261355887431492e+00
-4.690144777332373671e+00
-4.666259797478543803e+00
-2.154177166520171216e+00
7.632622589084340881e+00
1.070849476144153556e+01
1.068005241976007724e+01
1.238553934332231421e+01
9.489272484067269531e+00
1.144685752724776151e+01
1.163542436562772053e+01
1.199856308537532712e+01
9.171036750477611577e+00
-3.409268693156934482e+00
-3.021313848546399949e+00
-3.399517994348971062e+00
-2.304404449950482991e+00
6.265937532656491449e+00
9.236267062934638616e+00
1.157561730498207808e+01
1.221999061443674250e+01
1.267749698368996825e+01
7.125725571088195487e+00
1.609702494088596936e+01
-3.732428540695099439e+00
-4.036055424517270396e+00
-4.302852283905594710e+00
-3.055188317114012175e+00
7.315276134301383237e+00
7.847259645851406340e+00
7.954931171006949242e+00
7.823895732187992280e+00
7.955037994766741782e+00
9.426554265730445081e+00
1.679057814634635193e+01
-2.033549706862066042e+00
-1.860162802523030789e+00
-1.594132827134058683e+00
7.702921907444764571e+00
1.273626579716351515e+01
1.415373118963385934e+01
1.295077398401722135e+01
-4.777666804779468812e+00
-4.990338141676486039e+00
-5.173829996782052909e+00
-4.173994154734002926e+00
1.163331866656452895e+01
-1.381493572326577990e+00
-1.413102535157768402e+00
1.530958924285972422e+01
1.791426658885593071e+01
-2.435670109173427189e+00
-2.871109736733151951e+00
-2.694383643212125978e+00
1.317444474846736924e+01
-5.807682533429961325e+00
-5.086269597650767693e+00
-5.121627500085461193e+00
-5.387151660391239716e+00
-5.011295873482825236e+00
-9.019071009518779825e-01
7.834040678401734681e+00
-1.669216872209133840e+00
-1.865590842038314268e+00
1.470665671363238225e+01
-1.202579166223449514e+00
8.855660217206649421e+00
8.729092738373587679e+00
8.867126683909914320e+00
1.112553982966021415e+01
9.107379532772334585e+00
9.468494099936870967e+00
9.175631253053444070e+00
9.574297636444951465e+00
1.399025056095863917e+01
-3.383354649193490271e+00
1.408832704273119596e+01
1.441738010373819634e+01
-4.635992898465901568e+00
1.343263982993876660e+01
-1.500891361016115200e+00
1.180591756711806539e+01
-2.288278626061154952e+00
-1.865033819270150994e+00
-2.072280862009445279e+00
1.506106092490250425e+01
1.584107708117872271e+01
-4.740532882729879383e+00
-4.941988459217876439e+00
-3.715715904873849063e+00
9.305417902733308821e+00
1.197759466287319796e+01
1.300510213725795516e+01
1.444023756638863176e+01
1.519200810625270037e+01
-3.673590682105893457e+00
-3.586374612613714152e+00
-4.045727961196343259e+00
-3.558917863338348475e+00
1.301058865604690773e+01
-5.446623579309778584e+00
-5.576727218596894353e+00
-5.778505936336414628e+00
-5.419496816492323177e+00
-2.072062566004976514e+00
5.733871575653280317e+00
1.036138563249319411e+01
1.040294356968172096e+01
1.030445666809069039e+01
1.292326172274872143e+01
-3.359869022766885927e+00
-5.001701210796525299e-01
1.441419942162645285e+01
1.337703244368250211e+01
-5.326426924717408085e+00
-5.525951950227426579e+00
-5.693304527085112809e+00
-5.070673734850962511e+00
1.719467627887593508e+01
-1.937298609259768822e+00
-2.117355844356739958e+00
-2.148637438642355235e+00
1.302494053606842606e+01
-6.086297873418218707e+00
-5.490442086989453685e+00
-5.445583265449258192e+00
-5.700180065473385405e+00
-5.591431354511144036e+00
-3.364249867907510350e+00
-9.798305807047797966e-01
-7.454842431046460050e-01
1.385710902440018089e+01
-5.800448148241147628e+00
-3.666754769453175467e+00
-2.060432575035241243e+00
-2.410480748258037043e+00
-2.258040202079635073e+00
1.141508538588769284e+01
-4.740057698728245006e-01
1.266917915988961241e+01
9.479752033869161210e+00
-4.648550185686439740e+00
-1.628416547940417791e+00
-6.977888985463460703e-01
-2.335346724661475082e-01
6.399569115152498711e+00
1.541122099169043835e+01
-1.616301209584012133e+00
-3.325645317664656098e-01
1.371703038883037173e+01
1.430048547690407723e+01
-4.935716595872768231e+00
-5.290099898500259634e+00
-5.173349038814732737e+00
-2.649862033137655448e+00
6.084557744273805469e+00
1.060396240711733995e+01
1.113722948667355084e+01
1.084027706011424108e+01
1.272534099392794005e+01
1.352298475197673078e+01
-3.436048441841016654e+00
-3.834862935578991827e+00
-2.445780471279849433e+00
6.321245410325820657e+00
1.065007223285254412e+01
1.365114328479523031e+01
1.269930444389982860e+01
1.225719021736076897e+01
-1.829767867837938988e+00
-1.989350682951272820e+00
-4.605243612415415910e+00
1.464694952980775788e+01
-2.473114482701102457e+00
-1.033597132238137789e-01
1.262576868900008797e+01
1.060910901697918263e+01
1.069938283488944819e+01
1.044282412894189349e+01
1.287685088328990624e+01
-2.663930133879427231e+00
1.323372472892895679e+01
1.546856306530598069e+01
-1.647060780160378712e-01
6.764930395414856079e+00
1.526775791186711118e+01
2.089559415166108636e+01
7.273580640674582654e+00
-2.665519810406527412e+00
-3.290271753231688301e+00
-3.031199462306561010e+00
1.246433408508129226e+01
-4.501590963006322887e+00
-4.601788107586782139e+00
-5.010713381701775049e+00
-4.638883219913759959e+00
1.796819583197207848e+01
1.214882487806116806e+01
1.224939949850781318e+01
1.397419645484039741e+01
-1.182409529745307886e+00
4.053507514160634706e+00
8.872453729379303766e+00
8.646597117361356055e+00
8.669060820634273412e+00
1.056073705074633651e+01
5.079128993142923321e+00
8.793057814813542095e+00
8.711127937018483536e+00
8.443406726645227067e+00
9.022248047445764030e+00
1.360563192274798183e+01
-4.717233491010327739e+00
-3.714420105319816034e+00
-4.039615884586756245e+00
-4.379804390252425961e+00
1.523880958951983189e+01
-2.121817560089431787e+00
1.170256203637329584e+01
-1.864759806572382272e+00
-1.397186005368360462e+00
-1.711476986316000870e+00
1.396663939753216610e+01
-3.552852180818813377e+00
1.487828012696018121e+01
-8.468472535851333527e-01
7.110401273721434379e+00
5.458051184658049948e+00
1.056536976519479332e+01
1.018467326624356950e+01
1.043854699596337809e+01
1.595472486592724515e+01
1.163088823202207323e+01
1.201594634070712431e+01
1.246865569758115377e+01
1.028182045714953752e+01
1.060938246858875900e+01
1.010774826403491211e+01
1.111639861177646971e+01
7.287137815987055234e+00
1.109517683788770270e+01
1.095789319641186310e+01
1.415458024146467864e+01
-4.382325107484358995e+00
1.414135044983065370e+01
-1.511867989142705371e+00
1.234362105118855624e+01
-3.914158590937085958e+00
-3.250854499797156016e+00
-3.848135939581669440e+00
-3.896364536643348142e+00
1.937846797567087975e+01
3.440316007181162039e+00
1.034878172477651326e+01
1.006941510344790913e+01
9.856050231598088018e+00
1.071890670846188165e+01
1.238173577552075599e+01
1.306211389841795345e+01
7.851515355211455827e+00
8.830138130152098697e+00
8.768417379476035833e+00
8.381850128662543753e+00
8.622434355062992495e+00
1.161162836239612339e+01
-1.236764765033961044e+00
-4.160842008006881976e-01
1.425789708657858590e+01
-2.578334438724842137e+00
1.180065574951350627e+01
1.159463684223457491e+01
1.305001095555188151e+01
1.292621166207271344e+01
-3.048320004052262888e+00
-3.636749483765396196e+00
-2.667911274466438609e+00
7.803457311368586780e+00
8.818748006657573413e+00
8.807718484253314273e+00
8.414344071842810635e+00
8.632461863559171888e+00
1.152842127167731867e+01
-6.299777803465149706e-01
1.291659412257901174e+01
9.481914823673221804e+00
-4.183443202506008873e+00
-8.098799337236044504e-01
5.038919580284710598e-02
1.011972148684340311e+01
7.882638119223209117e+00
-2.208347711380241662e+00
-2.867838754197975071e+00
-1.576869597590314198e+00
6.931974771146034442e+00
1.571677174971512514e+01
-3.877811285023045951e+00
-4.648720646062630912e+00
-5.001679124074201788e+00
-1.873545460578421196e+00
-1.201863978943904232e-01
1.325592341603806013e+01
1.026527890391291997e+01
1.431801186171278495e+01
-1.514475487747329874e+00
1.230723904059594354e+01
-3.867576892077514206e+00
-3.454309422805861285e+00
-4.124752747482101967e+00
-4.189364329415631971e+00
-8.063879797681179351e-01
8.350078325198253992e+00
-2.995134327459363810e+00
-3.772715874052959606e+00
-3.778990991454735493e+00
1.669132792038542945e+01
1.178296258575664801e+01
1.206472141116008601e+01
1.214268132403742584e+01
7.747610936491867939e+00
1.124401371971195474e+01
1.085732006307816988e+01
1.112222305162045899e+01
1.070459741713703927e+01
-1.007350028563202882e+00
-2.216351340475708476e-02
1.162339012879422562e+01
6.073825208485285287e+00
1.072145162622020464e+01
1.151166120744444044e+01
1.090853626951519040e+01
1.199685581637033849e+01
7.912782957296146336e+00
8.245286771278362181e+00
7.960119639104199507e+00
7.818724976400818427e+00
8.546264635762465645e+00
1.279799563179395072e+01
-4.358550577600240672e+00
-4.770388562002313648e+00
-5.092163035967139706e+00
1.686947991861691776e+01
1.337638339870063220e+01
9.784485808343344360e+00
6.468319706875181652e+00
1.333778292561751933e+01
1.430810581722708719e+01
1.150832726393316996e+01
-1.701624882584825693e+00
-2.220461116212622876e+00
-2.368363089365248975e+00
1.256531463499577761e+01
-4.766522606072619794e+00
-4.915347762465078318e+00
-5.357818400722590191e+00
-5.242720221941303826e+00
-2.775249201926877074e+00
4.872500045766384957e+00
8.457841397160633434e+00
8.468298302207294626e+00
8.115017853582603635e+00
8.300558603347667486e+00
1.070856582480936225e+01
1.054541960464140082e+01
1.013908808454102939e+01
9.812549926565043990e+00
1.218823169980711540e+01
-8.432046413785544425e-01
1.120990357310720675e+01
1.094561159961563490e+01
1.416229368646069275e+01
-3.973406344228244791e+00
1.314320675674686356e+01
1.716303950440919834e+01
-4.011487835448638073e+00
1.330219420984270506e+01
-4.418656632023989062e+00
-4.951854480616449727e+00
-5.095269747516798731e+00
-3.435730023602757921e+00
8.349732994683730425e+00
8.909426447312558395e+00
8.512286577723436665e+00
8.299842364775642523e+00
1.065631805643729457e+01
1.204137334013139693e+01
1.157756335166852679e+01
1.341083982750132186e+01
-2.104648773839742582e+00
1.160994470939831658e+01
1.111948667619220110e+01
1.232789129231763248e+01
9.634253590846878268e+00
1.083428642108202133e+01
1.017866265717582230e+01
9.900490964645529246e+00
1.286814508111318034e+01
-4.614732341798442050e+00
-4.254457524919430966e+00
-4.822364229836355598e+00
-5.055825208602716003e+00
-3.662110289104632432e+00
9.319276008702898295e+00
1.052488514415563259e+01
9.959989873212579781e+00
9.620884770694061672e+00
1.191320096592584754e+01
1.423748995627465774e+01
-2.413026117325413722e+00
-1.237806324726670404e+00
7.049112932490695371e+00
8.984153473159111059e+00
8.565952832249221771e+00
8.577442289021675492e+00
1.075205933375565692e+01
9.674363771315473315e+00
9.409889319115578132e+00
8.910849806281067487e+00
9.682722795914376235e+00
1.640525532269697351e+01
1.246953496161971309e+01
1.268032587069419215e+01
1.328346405614930781e+01
1.015002726543641742e+01
1.327660941449708432e+01
1.498516812479880755e+01
8.034232571584597693e+00
8.907771228219392157e+00
8.618637239725783772e+00
8.180544968521775928e+00
8.515343607340422949e+00
1.184722419710303676e+01
-2.714502740862840824e+00
-3.035404827178809661e+00
-3.781720528961632688e+00
-2.888836348385572350e+00
8.488960080007579734e+00
1.003112210195928888e+01
9.816700883783928688e+00
9.148375944845566821e+00
9.707537148934672899e+00
1.578419762277370531e+01
1.340934937209769551e+01
-2.696645789798179926e-01
5.866268358085780399e+00
1.364368447494286762e+01
-4.662605596557217957e+00
-4.552274264220204536e+00
-5.067943135404314070e+00
-5.341252059594960855e+00
-4.428246468500589117e+00
1.289719456965198319e+01
-3.234094842625364397e+00
-4.011820716986012059e+00
-3.493524626438664349e+00
1.176053636379456435e+01
-2.374564671030301444e+00
-3.224114729299628834e+00
-3.518948087706359473e+00
1.779663598680552283e+01
1.010137014829618884e+01
9.755739392855996783e+00
9.195898788991337724e+00
1.022079158998095494e+01
7.367845872908723948e+00
-1.499561386230655380e+00
-2.236391427380009400e+00
1.903218099410817743e+01
4.765310544851419472e+00
1.233102682398034133e+01
1.261212272207076524e+01
1.302113477743791670e+01
1.511294955148126817e+01
-7.103721651851574448e-01
1.158788622648322608e+01
1.131935885309317058e+01
1.680134767264633311e+01
9.820173285053149570e+00
1.064055689770401791e+01
9.798223881448841155e+00
9.540815174214815286e+00
1.245096340715305772e+01
-3.802915325715211736e+00
-3.469766160581134073e+00
-4.259753961578185866e+00
-4.485021549384748063e+00
-2.129045395491937942e+00
5.855019763878514638e+00
1.095219837032274235e+01
1.106806918742377732e+01
1.030130641407574643e+01
1.162664944677462842e+01
8.602551918443625212e+00
8.856389561121380538e+00
8.314870597571758282e+00
8.152223205966391717e+00
9.507066157479494350e+00
1.685635201393167293e+01
-2.202282626041826674e+00
-2.912318070593490571e+00
-3.538293688362670331e+00
-1.703167242179962848e+00
6.745287616264794117e+00
1.496078625236886062e+01
-3.550849857288087108e+00
-3.597106543809838630e+00
1.566825034652407034e+01
-8.553162232562203648e-01
-1.052099758051795730e-01
1.303838480413980783e+01
1.355597813085755199e+01
-3.416408578485624847e+00
-4.060956556927324712e+00
-2.878739298477881903e+00
8.022472789214406319e+00
8.706924792968072424e+00
8.337443361354033300e+00
7.970696827909261373e+00
5.078622016488396618e+00
8.523874193963736801e+00
8.661236434395084061e+00
8.144037304317588877e+00
8.039010360306543035e+00
9.462586528652028761e+00
1.646670351180306824e+01
-2.893079930965531066e+00
-3.700126800126537496e+00
-4.320057432730270541e+00
-3.321894530768291443e+00
9.410436094269732266e+00
1.125131292610659628e+01
1.070724596857954403e+01
1.008806297177450517e+01
1.232336569532511739e+01
-1.584332272415218013e+00
-3.531553622520336444e-02
1.298418155933525675e+01
1.027877200028320104e+01
1.261152970582228328e+01
1.214092980371822783e+01
1.274281531522577104e+01
9.398780097795574662e+00
1.070918176944918976e+01
9.973445088048835672e+00
9.423404382169350058e+00
1.118791456732231637e+01
9.483589816860600763e+00
9.413509545479708862e+00
8.702831884203398261e+00
8.839133261920542495e+00
1.213603719461518615e+01
-3.527797261223280856e+00
-3.746639951060271034e+00
-4.522538973198233947e+00
-4.402726412812447698e+00
-3.018502941042193743e-01
6.425027023696737061e+00
1.196564947577488880e+01
7.846315924856438251e+00
-5.439057263563099598e-01
-7.715399392293798009e-01
-1.474613354288700773e-01
6.275699208177037747e+00
1.266302368952445789e+01
-1.761391418779727491e+00
-1.646900971438366668e+00
8.640789628842380665e+00
1.100696648253994070e+01
1.123309402545810620e+01
1.024380073881055786e+01
1.096584377785739584e+01
6.217569821157639787e+00
1.230380264001923152e+01
1.258990142562134018e+01
1.242902100546354305e+01
5.979519733241795088e+00
1.155059085663381246e+01
1.340912099796503298e+01
8.476027093210477759e+00
1.005897045810034562e+01
9.741729695844929537e+00
8.936592905732830161e+00
9.258576823192965932e+00
1.384753695375778015e+01
-3.730213731931581123e+00
-2.923983629803178275e+00
-3.768668875779868532e+00
-4.314179559481636339e+00
-2.809247036292095601e+00
8.241299003562644998e+00
8.546540081325213478e+00
8.044232196550581193e+00
7.807920961796486203e+00
8.627819984405192599e+00
1.303454310052360654e+01
-4.155480998046229502e+00
-4.834080078692455373e+00
-5.125008650211610117e+00
-3.896145306350066395e+00
1.071261689038773390e+01
1.237802544385287362e+01
1.154986424696014069e+01
1.253978499756857445e+01
1.081154777513780374e+01
1.240037639817543358e+01
1.150764834671815606e+01
-1.245966436055318649e+00
4.063764643342675065e+00
8.990720660221786176e+00
8.471533097603295204e+00
8.156763139939837259e+00
9.155471759884695970e+00
1.485985279036524709e+01
-3.421139983170840004e+00
-3.805803125644211082e+00
-4.621725649925606305e+00
-4.657902280996252031e+00
-1.778216832005640180e+00
5.095057782230063559e+00
9.803278008164493684e+00
9.311737857957814057e+00
8.687927695129769035e+00
9.386127224394423152e+00
1.520502915866155114e+01
-1.935475640400690756e+00
-1.823337705902284389e+00
-2.904745001759407863e+00
-2.476580577870767019e+00
8.945324193146104719e+00
1.112022123830829656e+01
1.086075465114090299e+01
9.905913684659887863e+00
1.093293873912886305e+01
5.160981519043817300e+00
9.472203101802065817e+00
9.147582120201308342e+00
8.444202954767279223e+00
8.656858603433841282e+00
1.201635263719511215e+01
-3.264347252497742602e+00
-3.775701753149815154e+00
-4.561883785001172420e+00
-4.241970037549678274e+00
1.516547864505149690e+01
-3.475708220045084396e+00
-4.072083715516138014e+00
-4.830153918926134438e+00
-4.759806072568549595e+00
-1.664171029986684092e+00
4.797690408950427532e+00
9.443583153563702481e+00
8.924979600685334802e+00
8.407960964928449243e+00
9.147175645645011954e+00
1.449238274566791063e+01
-3.318740907426100062e+00
-3.315232216947035848e+00
-4.245733709783507059e+00
-4.489748102827196163e+00
1.187478038330582741e+01
-2.514290890806142542e+00
-3.609924965270589148e+00
-3.768084450350583481e+00
1.657951980640612888e+01
-3.914372475024606168e-01
-3.130929048012460747e-01
1.460796349113837955e+01
-3.159512753852211642e+00
1.077352335128077065e+01
1.021040078804497675e+01
9.473262025270166475e+00
1.088507415591236338e+01
8.481016399651233328e+00
8.256525465011131715e+00
7.758359359377912767e+00
7.820984377216150918e+00
9.633834477459528145e+00
9.257500434617028873e+00
8.624279934958117622e+00
9.070175392116334834e+00
1.367847010190523527e+01
-4.121185740213386239e+00
-3.817884737112418936e+00
-4.588694017655202906e+00
-5.033973205411645502e+00
-4.118377227299109933e+00
1.212155120232253402e+01
-2.186716763937896157e+00
-3.100595014526450033e+00
-1.385170282411136933e+00
6.707922146136900743e+00
1.070972444008293856e+01
1.003822298544311309e+01
1.192368791422356544e+01
1.317493359614775095e+01
-8.333169816927753493e-01
1.135886093649686757e+01
-6.249942040832000556e-01
-6.142980262258870283e-01
-8.658684738603122932e-01
5.222650152603256934e+00
1.035731646005164031e+01
9.424196493703165700e+00
8.942627870488742303e+00
1.078285957830158281e+01
9.727973619193683419e+00
9.163435730409243973e+00
8.453020635638788249e+00
8.906059113792613502e+00
1.329668313894310749e+01
-4.424026925903644880e+00
-4.289337132335940161e+00
-4.947415387902755590e+00
-5.356089201539975697e+00
-4.769022908830874208e+00
-3.349298632075668469e-01
3.080313182350644663e+00
9.177883144117650716e+00
8.499841644780314454e+00
8.561054261686447120e+00
1.135289313459456118e+01
-1.296414314900264264e+00
-1.869437212462308651e+00
-2.845963724610321322e+00
-9.038468852137935272e-01
7.476795516739049852e+00
-1.543992598781575687e+00
-2.783313945226300046e+00
-3.286966398155309665e+00
1.631138704717669441e+01
1.335731191557807485e+01
1.373696296442777687e+01
8.901156288442169995e+00
1.136823746656554235e+01
1.126858036049750034e+01
1.010600150868722835e+01
1.098048163114319387e+01
4.971673021612926568e+00
9.240559901038762902e+00
8.876777684689661996e+00
8.168431628458701965e+00
8.273553958196368185e+00
1.089011734168660084e+01
1.433483102969336365e+01
1.024427874799534877e+01
1.218898943083448394e+01
1.112499109146715348e+01
1.085540096029614965e+01
1.889000517257705170e+01
3.037174001812420698e+00
9.983289598193936243e+00
9.163284739172691928e+00
8.477287346224510856e+00
9.223567289366366495e+00
1.476941617806802753e+01
-3.044882040233555465e+00
-3.383594004514845377e+00
-4.378152307618984551e+00
-4.530774577068259923e+00
-1.818033984516748358e+00
4.686674433911891313e+00
9.256183545706416993e+00
8.729659383218240976e+00
8.105859511018834951e+00
8.463334094326834034e+00
1.192439974084464538e+01
-3.051903310670884384e+00
-3.935729263866466265e+00
-4.649577082398412387e+00
-3.939561894828695454e+00
1.219862606919645565e+01
-2.651205314752838493e+00
-3.756133971055618748e+00
-3.310768130354728278e+00
1.115935485079931944e+01
-1.465311037531527250e+00
-2.704557518501866209e+00
-2.173847963929929961e+00
8.399164692659368825e+00
9.343575376479048344e+00
8.706161420756966862e+00
8.071496284128819809e+00
8.440117332275042017e+00
1.190852592094728024e+01
-2.999937011021827971e+00
-3.912403331966993303e+00
-4.616115922334778965e+00
-3.830735003800564975e+00
1.162144812359447243e+01
-1.769891855076977105e+00
-2.811003514852512097e+00
1.267044968356447754e+01
-4.048402305050466943e+00
-4.805753829366934404e+00
-5.280368176708933881e+00
-4.727634527294386046e+00
-5.359553661151492676e-01
9.269052364909484254e+00
8.497049278032910991e+00
8.429391166270514546e+00
1.079775694534146346e+01
1.233217641091097505e+01
1.119226667007371745e+01
1.154798325367274536e+01
4.925289889217030925e+00
9.024803191286391524e+00
8.850708517990497626e+00
8.071561725236737317e+00
7.926538618844025663e+00
9.514781001229044577e+00
1.628649264308789668e+01
-2.916860242832246097e+00
-4.138195436008910377e+00
-4.577091215179781791e+00
-2.975867100212499228e+00
8.666363984238847351e+00
8.758773657016762471e+00
8.029506261956806057e+00
7.777887210688943398e+00
8.867250917923302111e+00
1.356916077513543861e+01
-3.999357224792426724e+00
-4.835255534379765407e+00
-4.882417666512351317e+00
-2.458272081078394233e+00
8.745897724079000568e+00
8.357276326590069360e+00
7.781413359316686318e+00
7.926439862464072839e+00
1.018281585630274222e+01
1.095541878215490961e+01
9.789220654603571603e+00
1.010199457561149572e+01
1.736145896444499215e+01
1.099499296729574205e+01
9.923011991330529469e+00
9.136618299375768970e+00
1.566684841495579406e+01
1.283189418739794974e+01
1.284328648138854945e+01
1.276455383729340198e+01
8.988705890660298792e+00
9.647409019672553043e+00
8.706188194414753667e+00
8.114439316756252296e+00
8.884600211588617569e+00
1.365121152561698104e+01
-3.752667269871112321e+00
-4.241296390002689876e+00
-5.028555600072047049e+00
-5.276559318276828670e+00
-4.077699059544568350e+00
1.222870396963267758e+01
1.203289062444151014e+01
8.408992036821734573e+00
8.528627918004573871e+00
7.844169870538090450e+00
7.553676594005813705e+00
8.305601985019762878e+00
1.185919223814351930e+01
-2.443393603265436642e+00
-3.676053134704872161e+00
-3.758307646132231117e+00
1.517423669922593632e+01
-2.941507922824631471e+00
-3.649819752504996462e+00
-4.634753364326587466e+00
-4.690469041931143224e+00
-1.957210612815410089e+00
3.813582660261115365e+00
8.673491847529783527e+00
8.176147154870216482e+00
7.663521560203377270e+00
7.935733092360303331e+00
1.047264541527601267e+01
1.354292136862351015e+01
1.467214252190021817e+01
1.525461490037091217e+01
-3.573657607810532877e+00
-3.751327540453217146e+00
1.438854496873731037e+01
-3.616931321276421585e+00
-4.331963266760689990e+00
-5.123738465765194761e+00
-5.248413080893365112e+00
-3.681647768209601157e+00
1.138222948728792794e+01
1.102646186575143794e+01
9.888013206294999691e+00
1.115860225029485697e+01
9.395623568581122242e+00
8.936935119910380365e+00
8.094147443379481999e+00
8.120304755907845617e+00
1.049393566687313317e+01
1.221976375487514410e+01
1.091445852167748853e+01
1.207777953487896383e+01
1.194051012222074881e+01
1.199186901400691063e+01
1.076470231283724566e+01
1.307287049610488339e+01
-3.123403995591342852e+00
-3.314634790314736179e+00
-4.432171495949505768e+00
-4.753875980660994927e+00
-2.921786830712965966e+00
9.063104833796103321e+00
8.810806796908966732e+00
8.002038392055064620e+00
7.919335278510108544e+00
9.726222064909663345e+00
9.441112409800684446e+00
8.496654079330523857e+00
8.403455436878218165e+00
1.088280797281073298e+01
-2.230574466197420280e-01
-6.162357876711136440e-01
1.575163149825412390e+01
1.248732402660213481e+01
-2.360326552688700730e+00
-3.243444459852153017e+00
3.926580721741239177e+00
8.616980006373090362e+00
8.163841041403907539e+00
7.570833468903652275e+00
7.642350765524831502e+00
9.447099388314404322e+00
1.393332698097461275e+01
-2.846961874276954685e+00
-3.282141335584184638e+00
1.520921299129711635e+01
-2.270043314402513612e+00
-2.899049971784031676e+00
-4.151476039265859619e+00
-4.284885449269302704e+00
-1.052184174200830213e+00
4.317898042374128664e+00
9.337834997503300372e+00
8.482869684768983731e+00
7.947221071308587348e+00
8.711204142965598862e+00
1.302584820563622792e+01
-3.937668761150939112e+00
-4.859098662044787353e+00
-5.154797881907525081e+00
-3.892994212317751668e+00
1.181988009629648850e+01
1.211349255760612742e+01
1.090426745402471731e+01
1.359930887586262926e+01
-4.020673294394669028e+00
-1.843523999608198460e+00
-2.596564400472866740e+00
-3.895157547133795806e+00
-3.716241566957200426e+00
1.334350962784391825e+01
-4.115272459999298249e+00
-5.000552611489160526e+00
-5.180128744457801027e+00
-3.657597791242650498e+00
1.134721365693770601e+01
1.092665204267494339e+01
9.717038962282964931e+00
1.084262861191503902e+01
8.666259267609706995e+00
8.190254892249203778e+00
7.566467212805201292e+00
-1.496845358625717104e+00
1.042198345787212155e+01
9.189536019496298280e+00
8.874651324706071875e+00
1.160168392754339983e+01
-2.236679914177837514e+00
-3.151967863026274852e+00
-4.304354282983004154e+00
-4.117722179868923860e+00
1.515709165537440306e+01
-3.218339454325706228e+00
-4.346424385315509120e+00
-5.097191655853333003e+00
-4.923158829010582771e+00
-2.180643926333081684e+00
9.931279421568792287e+00
8.926453758620974455e+00
8.292113801169115561e+00
9.324015711246328664e+00
1.517829574602553855e+01
-3.070310609787010758e+00
-4.063180816503006554e+00
-4.920855683133373404e+00
-4.827698058428209649e+00
-2.065085080513605842e+00
9.406291455252073774e+00
8.557309375971254184e+00
7.939061471960408234e+00
8.558427641437038602e+00
1.249725191405568658e+01
-3.576827269868947390e+00
-4.627536336625906799e+00
-5.035312342516991890e+00
-3.882453953370497590e+00
1.181064658016818747e+01
1.235190012963603579e+01
1.110504663339852982e+01
1.421358889857100749e+01
-2.492270528499302085e+00
1.294941045381659528e+01
1.170741550482156335e+01
1.451427065522958593e+01
-2.167126229257033465e+00
1.080314034303511583e+01
9.478103739118397542e+00
8.950417633497192327e+00
1.233829522909424803e+01
-3.435042339665211664e+00
-4.547039804501512350e+00
-4.983196295969487544e+00
-3.821831664010227225e+00
1.171735776405161111e+01
1.196950258435399839e+01
1.054866900300252830e+01
1.230992867895278664e+01
-1.869929749668884478e+00
-1.967653476936777501e+00
-3.527419320627045884e+00
-3.899411067698572264e+00
-6.112576741688239279e-01
4.757404518177127173e+00
1.010034807442189653e+01
8.914719713698227466e+00
8.348185513524411405e+00
9.762396489227223029e+00
3.074715831482985440e+00
8.857555327046700455e+00
7.993191817803357857e+00
7.630166976035142490e+00
8.543592914217088108e+00
1.235246879069726589e+01
-2.934859258739574983e+00
-4.157361411183832622e+00
-4.103633678091641812e+00
1.617422961383236313e+01
-2.921209445664654680e+00
-4.212102691588027525e+00
-4.921559197950193365e+00
-4.377841746558702951e+00
1.543136349450026046e+01
-3.895772613869949108e+00
-4.355392141907988623e+00
-2.318466915130301231e+00
8.595147743254342387e+00
8.162040720486086087e+00
7.498797527164611232e+00
7.477967457249651950e+00
8.929039592652857849e+00
1.248130294807468488e+01
-1.715179834344924714e+00
-2.024337441004382843e+00
-1.393505978731140571e+00
9.716268255650916785e+00
8.607680902845590509e+00
8.146985635156120509e+00
9.578884686305022100e+00
2.754881433053407935e+00
9.054571091942815286e+00
8.088717244145376739e+00
7.892791475901129061e+00
9.602979421722576348e+00
9.745638382267058475e+00
8.634421627366101859e+00
8.879163474938190248e+00
1.294382936690969643e+01
-4.044364871636001446e+00
-4.937851460633972067e+00
-5.386866164481916464e+00
-4.873315556563039941e+00
-1.862469207699967155e+00
1.196534099757325248e-01
7.547757588365121284e-02
6.686288928097845918e+00
9.231207839715752428e+00
8.340387987656134428e+00
7.719081155754946799e+00
8.213184296743168744e+00
1.145091349085083010e+01
-2.288942283404958644e+00
-3.759461765024933566e+00
-4.183868901006256635e+00
-1.648259058005069777e+00
3.894626855423243494e+00
8.778888760299873084e+00
8.076491752598238705e+00
7.469696919632399457e+00
7.673544501722301625e+00
9.811155079781054056e+00
1.391612477134401615e+01
-8.947163904570973880e-01
1.027892304944194990e+01
1.304806098640542622e+01
1.226071820983113803e+01
3.837682538172150881e+00
8.765404681284003630e+00
8.068914063364928779e+00
7.445205690988155212e+00
7.610128823606294723e+00
9.616593446715592464e+00
1.313915651656768446e+01
1.308187041863376088e+01
1.299095298810766863e+01
1.132961212428259046e+01
1.176862050860481723e+01
1.000237138952804372e+01
1.023135724429271853e+01
5.368382944545916580e+00
1.100423248796794873e+01
9.478740166968433911e+00
8.662152713900146850e+00
1.021166636739345002e+01
9.545386224499749162e+00
8.422848876700053111e+00
7.801157460660771648e+00
8.542756646875579563e+00
1.238278144987967977e+01
-3.196574338071890065e+00
-4.424468439973929357e+00
-4.635775454335459678e+00
-2.359103979560523534e+00
9.315930015371741035e+00
8.474548507423929067e+00
7.704847699698870400e+00
7.939258283299210461e+00
1.051908423721603114e+01
-7.857392084002240429e-01
-2.319364477426611337e+00
-2.287533964940672959e+00
9.358447695877570638e+00
1.074764624845659355e+01
9.392791932695272905e+00
8.380114285113599237e+00
9.074085822409324820e+00
1.400031896275754661e+01
-3.291341100427620958e+00
-4.109469935971117316e+00
-5.026487327911453917e+00
-5.219857319263672579e+00
1.077722332021703266e+01
1.028707062507614367e+01
8.830232838500064574e+00
8.890837832986839828e+00
1.269648171008221738e+01
-3.930320231661774688e+00
-4.883929724368385017e+00
-5.389743998499099575e+00
-5.002692733728379970e+00
-2.494086946769101587e+00
-7.184106887136254560e-01
-2.331367629946079933e+00
-3.522330936461120388e+00
-1.903119381586549030e+00
4.286254070502041991e+00
8.865504921554705930e+00
8.335049909045396888e+00
7.516889749458422365e+00
7.424462717924478206e+00
8.783254454623591556e+00
1.196123478105365479e+01
1.284893397542638738e+01
1.111484344192081863e+01
1.369843927404897421e+01
-3.386759189461231667e+00
-1.528420905719900746e+00
-2.799755702482928488e+00
-4.107581107093903228e+00
-3.755239398440928689e+00
1.277912738203235854e+01
-3.281142167039336588e+00
-4.427976857466613403e+00
-4.135871344857000587e+00
1.488280251452336778e+01
-4.051350935380264140e+00
-4.792741390999449180e+00
-4.063713950781494333e+00
1.322777431584051655e+01
-2.792743149421330617e+00
-3.517102596824229988e+00
-5.914677601639652949e-01
4.845450200896785908e+00
1.029273638808293434e+01
8.924935665155194542e+00
8.244158431966248202e+00
1.336460920448358891e+01
-3.590800933644927806e+00
-4.619750837250560238e+00
-4.271197216337310643e+00
-3.618810977153116282e-01
9.670200697099133436e+00
8.450127722854242407e+00
8.393216383987100571e+00
1.119234545055353180e+01
-2.060599034349865910e+00
-3.586148634777543531e+00
-4.511222154622150704e+00
-3.728392365224638905e+00
1.190473650574219988e+01
1.529417574515736611e+01
-1.998037930376911575e+00
9.271943993942169726e+00
8.290174804897629812e+00
7.565422995105332227e+00
7.871956144613392325e+00
1.042854783309559785e+01
-7.523619722355656680e-01
-2.234822950366177174e+00
-1.116727711612110152e+00
5.515322195850226095e+00
1.155781620461988624e+01
1.071143783938592975e+01
9.171251343350483864e+00
9.760368915518633059e+00
4.179044988623057399e+00
9.452346751327549867e+00
8.216267970880535287e+00
7.826216730414527589e+00
9.233802161746057280e+00
1.386677331887614173e+01
-3.373146832315264465e+00
-4.272564666154496038e+00
-3.183043082675018454e+00
1.013499405024677280e+01
9.873971488377945249e+00
8.432935451045228348e+00
1.185181634372559323e+01
9.974894976635939159e+00
9.214688796845189600e+00
1.204846968140357077e+01
-3.249144684928277016e+00
-4.273555098382755268e+00
-5.126188862509969191e+00
-5.092281160087782865e+00
-3.211192501979456715e+00
-4.072582242351606152e-01
-1.622621861598748660e+00
-3.194445227280485966e+00
-2.154873730399303078e+00
8.553229929833985778e+00
8.280987029176564818e+00
7.414925343670282665e+00
7.147923614751362287e+00
7.878337801028443721e+00
1.022937086913150750e+01
1.085307235421904970e+01
9.043502664439451166e+00
8.231344007426256937e+00
9.543735212065080020e+00
9.190108628498888876e+00
8.016810234909229393e+00
7.808031962001840576e+00
9.598894834727452974e+00
1.503209218610290065e+01
-2.380902948508047068e+00
-1.090590028926905264e+00
5.412679236884588185e+00
1.131413618174839719e+01
1.021198792590417170e+01
8.740562283904763419e+00
9.123280246273985483e+00
1.383549319113923737e+01
-3.238332207639737170e+00
-4.021207270978058190e+00
-5.010646778011330404e+00
-5.283122340492694136e+00
-4.249401078943571441e+00
-1.192522585406466717e+00
-1.446133947770747774e+00
-3.352942879962073075e+00
-3.828086775043515022e+00
3.963376603210218452e+00
8.612000461841958554e+00
8.172481595890186412e+00
7.323957039837834415e+00
7.103687127139581392e+00
7.914023461142955185e+00
1.012195934925676788e+01
1.025063504695119221e+01
8.558006463234065109e+00
7.870929928341463544e+00
8.977375169054131021e+00
1.320597209191587851e+01
-3.307091894589251790e+00
-4.409811772530786378e+00
-3.953582512101154300e+00
1.347772102778552927e+01
-3.166906147080199130e+00
-4.057589500646518132e+00
-2.506991899606213270e+00
9.020967741476125568e+00
8.376402395347959384e+00
7.451883654265030188e+00
7.321522770718426720e+00
8.593831015315901212e+00
1.124956714913427724e+01
1.086048478488702429e+01
8.958726325218067998e+00
8.686999043807777099e+00
1.179285249897525034e+01
-3.064264689397522723e+00
-4.335385180159053498e+00
-5.072985357081415181e+00
-4.699757299628577911e+00
-1.905009611939066483e+00
-2.775756574125160525e-01
-1.994704429018508751e+00
-2.967410645268545366e+00
1.497326428077993477e+01
-2.634439307437996369e+00
-3.755990983706446240e+00
-4.878732113390702452e+00
-5.047846710825607097e+00
-3.477060866817993645e+00
-1.811134913455494377e-01
-1.067885553317624137e+00
-2.729968563035641615e+00
1.428880308096523422e+01
-3.077220395869451952e+00
-3.644607938906599287e+00
-5.829696413800198318e-01
3.587987135846424369e+00
9.007258097236865879e+00
7.872675587900181959e+00
7.361522261617619023e+00
8.010843669361843666e+00
1.069282167546478313e+01
1.220034415217785906e+01
9.936683201044276714e+00
9.187811313847248584e+00
1.229203243976776960e+01
-3.561029697187361620e+00
-4.623631442016970183e+00
-5.307046392695896841e+00
-5.171667658789322886e+00
-3.415837599440861627e+00
-1.756626753566853605e+00
-3.225290644280509600e+00
-4.547495136441736641e+00
-4.519641478761924347e+00
-1.808466236792853676e+00
1.051124525771933804e+01
8.867039206258391815e+00
8.286175979232469402e+00
1.012417765750337750e+01
1.142775203300666220e+01
9.522154086249393856e+00
9.639479022798138175e+00
1.532953703155858705e+01
-2.158225615389313568e+00
-3.411913103899161914e+00
-4.640569059220698733e+00
-4.713222807691793470e+00
-2.468854321113544081e+00
1.119591981603871744e+01
9.389370281355224890e+00
8.648453383353338353e+00
1.074780609457558000e+01
-7.482708264344721805e-01
-2.408678249477306021e+00
-3.697082843374061678e+00
9.824550302624617260e+00
1.176400998265583908e+01
9.792515700210895346e+00
8.466120147316576805e+00
9.318719997336749827e+00
1.462405078782777323e+01
-2.464106966309612012e+00
-3.976132642780537019e+00
-4.893881902296255859e+00
-4.653677565566262331e+00
-2.017608495091354204e+00
-1.549784202727533255e-01
-1.827164254912167829e+00
-2.870878001765421406e+00
1.457246684800554881e+01
-2.863254278389876006e+00
-3.981794847008216731e+00
-5.031332126362544344e+00
-5.219858111285488711e+00
-4.023457803463671212e+00
-1.568324936974356598e+00
-2.489143331103515155e+00
-4.203657271439911192e+00
-4.614360260156289861e+00
-2.847350409176768515e+00
1.080406834502792357e+01
9.253393698288377323e+00
8.173884146835604270e+00
8.957700071668075026e+00
1.329984110031127464e+01
-3.763603778662580890e+00
-4.857283175184675450e+00
-4.920352113195584742e+00
-3.052555838675917510e+00
-3.848675500748838796e-01
-1.838488103786107386e+00
-3.499621200973254354e+00
-2.791402839669217872e+00
9.664974480466240081e+00
9.428666307379749867e+00
7.993520893277174189e+00
7.545999943144430233e+00
8.692800779456913318e+00
1.194235967703431101e+01
-1.070163385051403626e+00
1.110435601460427790e+01
1.125557630031917711e+01
9.203832684497390559e+00
9.043890349779600157e+00
1.292823235064589582e+01
-3.285523909264294495e+00
-3.898441201894341290e+00
-4.975667176944003067e+00
-5.397727428827186813e+00
-4.906297429372781238e+00
-2.947381717874130835e+00
-2.757825049895123559e+00
-4.307035837715543991e+00
-5.084029052993391140e+00
-4.725074060150794786e+00
-2.311456888762957185e+00
-1.332958916608271371e+00
-3.296562309322158768e+00
-4.464805738197810570e+00
-3.903862919733326553e+00
1.374073186146729952e+01
-2.393423525949605501e+00
-2.187381716475427229e+00
8.986612172523930298e+00
9.069387908848337787e+00
7.780263798551354526e+00
7.211155110115450739e+00
7.727755747368889594e+00
9.970755868973677494e+00
1.077879892520453531e+01
8.840887324752261023e+00
7.860868864337538398e+00
8.652360403263305244e+00
1.229026360315254429e+01
-2.938070248537326901e+00
-4.283027041223900433e+00
-4.069910924559221321e+00
-4.492352190341081797e-01
1.019565357993772459e+01
8.590567845158791016e+00
8.621291800126906324e+00
1.200835256857625133e+01
-3.325800943089389339e+00
-4.644895927820979153e+00
-5.171135627654018130e+00
1.295619253009101435e+01
-2.213280740806653490e+00
-2.709453009618588037e+00
1.170533720239646769e+01
-2.889012490467657290e+00
-4.393778778663198992e+00
-4.559229138817009641e+00
-2.368755600768698066e+00
1.145450683650706836e+01
9.399189597083648096e+00
8.757771331057698561e+00
1.140980862043423727e+01
-2.608550665965825299e+00
-4.126370992242599733e+00
-5.002353767240647286e+00
-4.734670584106858371e+00
-2.429042379092664294e+00
-1.307729243895703997e+00
-3.261807110386067077e+00
-4.486414838707971420e+00
-4.049422955081614539e+00
-4.641207512820370584e-01
3.494482523450840317e-01
1.244592669963295961e+01
1.145188258293379313e+01
4.308390276474691305e+00
9.239884629721428766e+00
8.277668641788489268e+00
7.278279077219847792e+00
7.168559334341591871e+00
8.404535030333933676e+00
1.028498196286972188e+01
9.266127213435217058e+00
7.777100727261547775e+00
7.464184758993663849e+00
8.875475964581667654e+00
1.159682797756850547e+01
1.059032538834775394e+01
8.598517091583902427e+00
8.445197936777875114e+00
1.146543283753668518e+01
-2.753383134452230596e+00
-4.304070459782473712e+00
-4.928610173300461028e+00
1.072674825784589814e+01
8.985541573199469667e+00
7.948977283215630685e+00
8.747850149425591582e+00
1.244258062689336342e+01
-3.111404349553358983e+00
-4.429198651412816545e+00
-4.231669451941524329e+00
-1.172893824345454084e+00
1.215691684308199783e+01
1.026215301360560872e+01
1.217957370123550476e+01
-2.811248016864390742e+00
-3.983849014006861644e+00
-5.049683674351435947e+00
-5.205686937136193571e+00
-4.048344634231900052e+00
-2.240883728688701559e+00
-3.365028944670968247e+00
-4.764158587468647177e+00
-5.095355008984707723e+00
-4.034591732301083589e+00
-1.713106535385138240e+00
-2.684220843979287174e+00
-4.401919347343684841e+00
-4.878312264844065993e+00
-3.714902760631437761e+00
-8.002297061411870471e-01
-1.845364727960220996e+00
-3.870420078498014060e+00
-4.264923802082924098e+00
-1.978602491052567913e+00
1.013085742332630801e+01
8.466372726044950170e+00
7.689502032026923395e+00
8.601507003464050172e+00
1.188907167961986744e+01
-2.280834104745784963e+00
-3.561840783063523030e+00
-2.038070652683523498e+00
8.772357458966958177e+00
7.876913477617197401e+00
7.046371377186453344e+00
9.609602036591603280e+00
1.286336051406953018e+01
1.073561393711108991e+01
8.975245702139408976e+00
1.018905441361942366e+01
1.050208083115099100e+01
8.511420632680833265e+00
7.856739726158017412e+00
9.345830334329676248e+00
1.324899963299552930e+01
-1.523703937865910074e-01
1.289935335305371389e+01
-1.991232347358311117e+00
-3.068176844973993678e+00
-4.577591216411804886e+00
-4.940129545259250854e+00
-3.718039100854736212e+00
-1.244861472621425325e+00
-2.459640840773960946e+00
-4.258690898957231852e+00
-4.637353216132782840e+00
-2.972403795287828387e+00
-6.107102853032696232e-02
-1.521304728084506674e+00
-3.260750432269745591e+00
-2.174734176331987623e+00
8.835635520386206920e+00
8.048521071092769930e+00
7.093383554538224445e+00
6.924701965172832097e+00
7.801532328990733234e+00
9.287224775935428056e+00
8.540696205202349844e+00
7.303174014745231091e+00
6.938026586728302192e+00
7.610889841220325636e+00
9.283000960898373677e+00
8.901657395242352777e+00
7.502454921848972447e+00
6.969138434277564187e+00
7.439678225476946238e+00
9.161317733101229877e+00
9.229014074545542456e+00
7.725607812161239707e+00
7.023322300381488859e+00
1.376889077181916576e+01
-2.647743491674589666e+00
-2.866300452925091058e+00
1.130363276609576673e+01
-1.996177536405867814e+00
-3.316972328627520117e+00
-1.388482846532429482e+00
2.971862590135054383e+00
8.644484934100891138e+00
7.572609659176430696e+00
6.895937775073901044e+00
6.998307584725514729e+00
8.239519847532672969e+00
9.026568017686493306e+00
7.824739548455839078e+00
6.948157472575250182e+00
6.879124933291543620e+00
7.876249966226032129e+00
8.943006683661666401e+00
7.957480624831227978e+00
6.981481304690801970e+00
6.771809611100277237e+00
7.472681012107102561e+00
8.686242481226052803e+00
8.050728902580919666e+00
7.020855178418154097e+00
6.690134402287746695e+00
7.108225196801343237e+00
8.299138061340080696e+00
8.095003454392454501e+00
7.072432663708141831e+00
6.637066863044647214e+00
6.822508650124777141e+00
7.834699443288538845e+00
8.053386228737982933e+00
7.132303024755315413e+00
6.610484577429604158e+00
6.623263781677747986e+00
7.361864911113976895e+00
7.913060127750323858e+00
7.192090255263295262e+00
6.605596604392958149e+00
6.496848587896242755e+00
6.952460410706430949e+00
7.661238973617285453e+00
7.231353662815374506e+00
6.620332436842988777e+00
6.422907583533493892e+00
-3.846726472584136136e+00
-3.687826456278847420e+00
-4.853733081590902998e+00
-5.454905427277461527e+00
-5.391518001499179036e+00
-4.452710898829668196e+00
-3.930005386035002601e+00
-4.868808738318498364e+00
-5.506719877097143723e+00
-5.578267199853094382e+00
-4.993245791266005540e+00
-4.282124245727065848e+00
-4.902097588291228547e+00
-5.539730043823957395e+00
-5.700222606047817386e+00
-5.391786381442665643e+00
-4.696910211846433647e+00
-4.966440331172790046e+00
-5.558288473278937047e+00
-5.775038603364076373e+00
-5.647614242018097919e+00
-5.104251228171898802e+00
-5.074275601227347998e+00
-5.570154776081326808e+00
-5.819149904400402917e+00
-5.797334853212515959e+00
-5.444260414102681800e+00
-5.225051059459247860e+00
-5.584102701189103790e+00
-5.844110601533291316e+00
-5.881673681793616382e+00
-5.686240341334588777e+00
-5.404689969816841355e+00
-5.606320587650625242e+00
-5.857427855598451139e+00
-5.928887420134081765e+00
-5.837335637688902068e+00
-5.586891423561994863e+00
-5.642820349435378802e+00
-5.864741733017558190e+00
-5.955368507290610403e+00
-5.923393564826890056e+00
-5.745658480191326412e+00
-5.696322026540454608e+00
-5.869943553480278631e+00
-5.970199201597563565e+00
-5.970842152300233074e+00
-5.864424866918173329e+00
-5.764001643332189673e+00
-5.876917710698446484e+00
-5.978385626958400145e+00
-2.002518266335520991e+00
-2.217574822352291974e+00
-4.166269960203873524e+00
-4.967858644841010474e+00
-4.493954495500357638e+00
-2.423073415320429191e+00
-2.626897543989822115e+00
-4.390560422004170071e+00
-5.130927827320136636e+00
-4.804936812566477755e+00
-3.122835685076482903e+00
-3.080363849721091896e+00
-4.587197769328964725e+00
-5.294515472061410044e+00
-5.154609622414562331e+00
-3.931536463806127202e+00
-3.566341665156313567e+00
-4.755862048206309645e+00
-5.429136461042270767e+00
-5.441702657937462995e+00
-4.664185014907465288e+00
-4.079446947581661931e+00
-4.906221472285462681e+00
-5.529561161860583773e+00
-5.636998821706393770e+00
-5.210705163514175453e+00
-4.587513641896454608e+00
-5.052020897835760138e+00
-5.601708458306311478e+00
-5.757913798728027110e+00
-5.560235114038380111e+00
-5.043245572962391954e+00
-5.204688378195654330e+00
-5.656037601028587325e+00
-5.830922436358547678e+00
-5.761067092088455688e+00
-5.406069499847952819e+00
-5.363092733916356103e+00
-5.700400662762285187e+00
-5.875863833081059973e+00
-5.870208121608598617e+00
-5.661604352123189798e+00
-5.520081589142624701e+00
-5.740793648483894174e+00
-5.904379768039377474e+00
-5.929433447251998501e+00
-5.822047004933485148e+00
-5.665480150581418073e+00
-5.780908704692527600e+00
-5.923809423240927075e+00
-5.962512288086596612e+00
-5.022525455820844087e+00
-4.427683189024591570e+00
-5.026476561653302255e+00
-5.587744671506992944e+00
-5.719101980200669288e+00
-5.465422348853887335e+00
-4.965987481423622896e+00
-5.233439970095673743e+00
-5.673974484976358035e+00
-5.817727257012563769e+00
-5.715250718218496395e+00
-5.368738651040374954e+00
-5.418125269592730220e+00
-5.739056692876348009e+00
-5.876643803760615015e+00
-5.846842511877872184e+00
-5.639361472228825889e+00
-5.578247142601264308e+00
-5.791403693875505354e+00
-5.913165983543442472e+00
-5.915519315830709779e+00
-5.805015386314757109e+00
-5.710558540126065452e+00
-5.835095757408770289e+00
-5.936991086380424498e+00
-5.952434029918938663e+00
-5.898174630679818620e+00
-5.813184714061423009e+00
-5.872439286586724094e+00
-5.953298147909767302e+00
-5.973237814039294769e+00
-5.947371463752900489e+00
-5.886438745549155804e+00
-5.904070146814514253e+00
-5.964737602288976426e+00
-5.985497253525112527e+00
-5.972893746385607550e+00
-5.934816711929792099e+00
-5.930777719462501096e+00
-5.973220249364431744e+00
-5.993006592132847921e+00
-5.986666126668059640e+00
-5.964512490927100785e+00
-5.952481480921396617e+00
-5.979925699697572483e+00
-5.997770304420185106e+00
-5.994742618953485369e+00
-5.981453136372651969e+00
-5.969210364457154583e+00
-5.985223856700256029e+00
-6.000777088468188580e+00
-5.999839076558457052e+00
-5.204131521138116057e+00
-5.411291575722033897e+00
-5.744024386110922364e+00
-5.849525727421626797e+00
-5.774270437342287288e+00
-5.537481368788859548e+00
-5.584010416915276664e+00
-5.809060077311663406e+00
-5.899623870337531883e+00
-5.874252492243575929e+00
-5.740044874955366083e+00
-5.714658045070063253e+00
-5.855972801788373872e+00
-5.929541698264976013e+00
-5.924362575341966419e+00
-5.854510385629829727e+00
-5.809608985287374239e+00
-5.891130581733333926e+00
-5.948142432750396225e+00
-5.950507947296283184e+00
-5.915185096871052650e+00
-5.875106271722149387e+00
-5.917095275388790654e+00
-5.959963162927412128e+00
-5.964868341372788763e+00
-5.945787852516784433e+00
-5.917374327848811788e+00
-5.936095827085191345e+00
-5.967520235575475063e+00
-5.973145589848254389e+00
-5.961088747143854505e+00
-5.943052931321567200e+00
-5.949544770183218034e+00
-5.972265416161472551e+00
-5.978056253145080490e+00
-5.969187144824035229e+00
-5.957937094980182202e+00
-5.959032800570692956e+00
-5.975263647312310411e+00
-5.981032581527045977e+00
-5.973996094709665527e+00
-5.966255968413411992e+00
-5.965536532781426260e+00
-5.977108617120896916e+00
-5.982805998493794242e+00
-5.977165186088362780e+00
-5.970700385659668541e+00
-5.969530082053296383e+00
-5.977928655467725783e+00
-5.983687691620530380e+00
-5.979327431834560613e+00
-5.510909138416025144e+00
-5.624514192195160689e+00
-5.824937229274622652e+00
-5.886702360636242304e+00
-5.844363679351042506e+00
-5.720388336916133021e+00
-5.747054560156934500e+00
-5.871280761988482588e+00
-5.918593721515762240e+00
-5.900790967160151723e+00
-5.834771624157452763e+00
-5.827766774883494705e+00
-5.901810061335937441e+00
-5.936639704024168296e+00
-5.928145515645999453e+00
-5.894119093122625053e+00
-5.879421247185071309e+00
-5.921924675642009639e+00
-5.947072447342582002e+00
-5.942180888381003889e+00
-5.923571133372371733e+00
-5.911022239652300669e+00
-5.934827781958556869e+00
-5.953141012418917022e+00
-5.949854503347448365e+00
-5.937710813204644111e+00
-5.929112213436590118e+00
-5.942688991958185341e+00
-5.956468798800117703e+00
-5.954264627780776031e+00
-5.944537559492022005e+00
-5.938832150669258958e+00
-5.947062737619032369e+00
-5.958021070836812427e+00
-5.956870093066955363e+00
-5.948145074272614963e+00
-5.943955546331232576e+00
-5.949319941510492704e+00
-5.958505941682042284e+00
-5.958412595586994875e+00
-5.950332952928463648e+00
-5.946739438660364918e+00
-5.950434248820023697e+00
-5.958386250422898378e+00
-5.948278495754733441e+00
-5.950744587953682441e+00
-5.957756669875189814e+00
-5.655780533333017779e+00
-5.738054168821284939e+00
-5.861370484531990499e+00
-5.893395481851367634e+00
-5.861649340001767960e+00
-5.792935967634016414e+00
-5.820259754955422693e+00
-5.892765985900616066e+00
-5.914481326675177009e+00
-5.897524071084593977e+00
-5.861959456773527144e+00
-5.868377022315559799e+00
-5.911004168364897282e+00
-5.925555026250332702e+00
-5.914196999208572336e+00
-5.895508701070959923e+00
-5.895861121524587745e+00
-5.921426493979224936e+00
-5.931429619602125669e+00
-5.922486459512254164e+00
-5.911376147079868026e+00
-5.910906324213483387e+00
-5.927111349228632697e+00
-5.934488608876204552e+00
-5.926912958148721877e+00
-5.918697122820659295e+00
-5.918496606022972450e+00
-5.929745797259935891e+00
-5.935906861765485765e+00
-5.922067269120179667e+00
-5.921810069283734990e+00
-5.930359034821976572e+00
-5.936270261773605839e+00
-5.923746312566358085e+00
-5.923034305839507851e+00
-5.929803550886851404e+00
-5.935924084450889815e+00
-5.924685661389923474e+00
-5.923549125071498445e+00
-5.928870740168425968e+00
-5.935170712925922132e+00
-5.923891620367266242e+00
-5.728998671522800734e+00
-5.795122634749155566e+00
-5.871849178124726620e+00
-5.885014727934817280e+00
-5.858831693889811731e+00
-5.821185384125960205e+00
-5.848867520058317560e+00
-5.892090640829561465e+00
-5.899156472671553963e+00
-5.882932465254638643e+00
-5.864057837131253059e+00
-5.876691300145313157e+00
-5.902283079036582336e+00
-5.905958221848268686e+00
-5.893525261219662248e+00
-5.883504945989346702e+00
-5.890649141300057678e+00
-5.907105153823271060e+00
-5.909217551531765089e+00
-5.898517062355050022e+00
-5.892205811165052154e+00
-5.897255972492072118e+00
-5.909063052128488813e+00
-5.910692393499718200e+00
-5.900936931474402236e+00
-5.896096039821477675e+00
-5.900006668865626303e+00
-5.909427079699963947e+00
-5.897835630042010280e+00
-5.900588937014389579e+00
-5.908633895079122844e+00
-5.898634558704432429e+00
-5.899911448811824499e+00
-5.899032949874198906e+00
-5.899260183958990211e+00
-5.899018486650105864e+00
-5.804785726167392745e+00
-5.765322587313223224e+00
-5.819453919680384502e+00
-5.866967291419519448e+00
-5.868357712195187759e+00
-5.846549077693656393e+00
-5.827909902461783531e+00
-5.853703883672296548e+00
-5.879469886845531512e+00
-5.877881404507260044e+00
-5.863232833796984345e+00
-5.854729478692195954e+00
-5.869236638447655530e+00
-5.884748942052436149e+00
-5.881986152262689060e+00
-5.870092109068193231e+00
-5.865781942597211085e+00
-5.875628636260462834e+00
-5.886539996977941946e+00
-5.873079720133276282e+00
-5.870254565069964237e+00
-5.877812570209599130e+00
-5.886696702571033946e+00
-5.874330039286374650e+00
-5.872105562235092613e+00
-5.878123528925557117e+00
-5.886087169425136878e+00
-5.872919061995815149e+00
-5.873299697052889456e+00
-5.873483229179394804e+00
-5.873556564502483646e+00
-5.797868131219304111e+00
-5.780112676711198105e+00
-5.824208923576208896e+00
-5.852911050910560853e+00
-5.846936933947056936e+00
-5.829261100941247165e+00
-5.822822330083896603e+00
-5.845488554962972927e+00
-5.860324318528583376e+00
-5.853234233536045217e+00
-5.841072405599265771e+00
-5.839442296263057663e+00
-5.853615543294225176e+00
-5.862760485099319574e+00
-5.845584307499390064e+00
-5.845359125956103519e+00
-5.855884869156906092e+00
-5.863053663356184941e+00
-5.847379128126311443e+00
-5.847167678127167534e+00
-5.855641841094945121e+00
-5.862438442471300526e+00
-5.848081927933696633e+00
-5.847637255392157840e+00
-5.847780371486453355e+00
-5.847857051255060057e+00
-5.847908505450789995e+00
-5.847939744263245920e+00
-5.785192419606743464e+00
-5.781643474650788761e+00
-5.817029032618815876e+00
-5.833362408823178136e+00
-5.822671700832516173e+00
-5.809119541633106287e+00
-5.810575749363714237e+00
-5.829751941349408995e+00
-5.837427180264235460e+00
-5.826586188253301657e+00
-5.817618463228008352e+00
-5.820658286140663051e+00
-5.833564702630848586e+00
-5.838192508938382375e+00
-5.820643314500955512e+00
-5.823398802965273013e+00
-5.833587297029656504e+00
-5.821743591417305019e+00
-5.823238130115316658e+00
-5.822157941223848887e+00
-5.822303325201288793e+00
-5.822363817018993970e+00
-5.822292138913735648e+00
-5.822272454153468502e+00
-5.822270149447978049e+00
-5.768869413215066189e+00
-5.774410728345567456e+00
-5.802450894599641806e+00
-5.810362227761919129e+00
-5.796801319274667463e+00
-5.787209685577603402e+00
-5.793709479827386488e+00
-5.809600078430175785e+00
-5.812052414651283527e+00
-5.799014036202550848e+00
-5.793363081767085809e+00
-5.799558483963490829e+00
-5.810924864089224151e+00
-5.795422147617685482e+00
-5.796114160599528553e+00
-5.796352379872193872e+00
-5.796441320855349133e+00
-5.796478530801091544e+00
-5.796481039814810998e+00
-5.796480792184454778e+00
-5.796479074740112480e+00
-5.750182156707370318e+00
-5.761337004537782747e+00
-5.783269407111323090e+00
-5.785045125129999022e+00
-5.770202262014406003e+00
-5.764202083592159909e+00
-5.773810554009127571e+00
-5.786806990837815690e+00
-5.771560831184674889e+00
-5.768600668474744175e+00
-5.776830970604983406e+00
-5.786708112962790196e+00
-5.769962188277608206e+00
-5.770376918616922701e+00
-5.770501504212263377e+00
-5.770530807257830297e+00
-5.770543685764406128e+00
-5.770554962819052669e+00
-5.770563102051912807e+00
-5.770564336592618915e+00
-5.770564745565021525e+00
-5.729995245830577844e+00
-5.744331439852587984e+00
-5.761221246655581218e+00
-5.743469728088631321e+00
-5.740610923529612108e+00
-5.751969002775509487e+00
-5.762440178547589831e+00
-5.744547922376091798e+00
-5.743638437923796580e+00
-5.761519490564412038e+00
-5.744569299400131612e+00
-5.744407136593762786e+00
-5.744485665004339658e+00
-5.744540947082994897e+00
-5.744461887793099741e+00
-5.744465898360465950e+00
-5.744476882049462496e+00
-5.744488329919578362e+00
-5.744498571239796902e+00
-5.708876724431565464e+00
-5.724665405132915552e+00
-5.737329573799657467e+00
-5.716900208183037790e+00
-5.716773372737413261e+00
-5.728876579996322604e+00
-5.737075030527577724e+00
-5.717901988638878663e+00
-5.718580479646014680e+00
-5.718135477999228833e+00
-5.718206020376116250e+00
-5.718242386939081712e+00
-5.718267075729859705e+00
-5.718285664784619193e+00
-5.718300362940500925e+00
-5.718312383740814298e+00
-5.687153913414859652e+00
-5.703165480237441187e+00
-5.712146803782473192e+00
-5.690557177400862976e+00
-5.692738818192918160e+00
-5.704778061892631591e+00
-5.691495150847898365e+00
-5.691780924118885920e+00
-5.691884478170790018e+00
-5.691931375332743848e+00
-5.691959003589942334e+00
-5.691978840292235553e+00
-5.691994491593539429e+00
-5.692007417690678750e+00
-5.664926164268836217e+00
-5.680314131036042546e+00
-5.664374309847598710e+00
-5.665185986715917110e+00
-5.665409742542496296e+00
-5.665476169184218591e+00
-5.665508796319416618e+00
-5.665532743295152329e+00
-5.665552360452811520e+00
-5.665568702075560736e+00
-5.665582403754781282e+00
-5.635710481280775674e+00
-5.642127118624135740e+00
-5.656371402003987470e+00
-5.638232500856704021e+00
-5.638832382196561355e+00
-5.638905887917764481e+00
-5.638931672043256071e+00
-5.638958712178824939e+00
-5.638983304712914091e+00
-5.639003996226763071e+00
-5.639021176033111260e+00
-5.639035550717879097e+00
-5.609940671049988836e+00
-5.618636535088671558e+00
-5.612021263376212765e+00
-5.612236044461933027e+00
-5.612221543571162208e+00
-5.612251457615301753e+00
-5.612283936664455020e+00
-5.612310761564778261e+00
-5.612332399199432942e+00
-5.612350142401864694e+00
-5.612364991811310766e+00
-5.584042863781721877e+00
-5.585532780439528722e+00
-5.585369547484435593e+00
-5.585403103708265427e+00
-5.585450011176901874e+00
-5.585485674490321628e+00
-5.585513056251254049e+00
-5.585535120858345692e+00
-5.585553359547747121e+00
-5.585568635079162902e+00
-5.558060423362863212e+00
-5.558356250584151503e+00
-5.558396199672455573e+00
-5.558474997570291620e+00
-5.558525083566443037e+00
-5.558560099087289430e+00
-5.558587568028277914e+00
-5.558610018731140023e+00
-5.558628627715952675e+00
-5.558644248920396436e+00
-5.532061835289503904e+00
-5.531175759739421771e+00
-5.531344941095263756e+00
-5.531424523202219667e+00
-5.531469346900253825e+00
-5.531504037127114692e+00
-5.531532143826047410e+00
-5.531554997161675757e+00
-5.531573908753795621e+00
-5.531589793380497611e+00
-5.504005925939152277e+00
-5.504178537230440149e+00
-5.504236740549872664e+00
-5.504280351092247336e+00
-5.504316011268508113e+00
-5.504344584985193300e+00
-5.504367842938843403e+00
-5.504387030257929858e+00
-5.504403143491610528e+00
-5.476185172742137119e+00
-5.476772122086106087e+00
-5.476859004687420374e+00
-5.476911090130525572e+00
-5.476957588303397628e+00
-5.476993877376227005e+00
-5.477022750457525291e+00
-5.477046298743058372e+00
-5.477065808693106774e+00
-5.477082131115062147e+00
-5.449003031910412354e+00
-5.449350543250179868e+00
-5.449387941627314547e+00
-5.449450748638579256e+00
-5.449498621998726477e+00
-5.449535132225785894e+00
-5.449564360542266783e+00
-5.449588213021906213e+00
-5.449607988065143793e+00
-5.449624544936574111e+00
-5.421869167209973028e+00
-5.421689275959941767e+00
-5.421785523428926723e+00
-5.421852644608862626e+00
-5.421900036482480978e+00
-5.421937226254906150e+00
-5.421966925376956681e+00
-5.421991138530751542e+00
-5.422011210999247766e+00
-5.422028027138233064e+00
5.413661724417558219e+00
5.411369386496701850e+00
5.409583202146257541e+00
5.408177870863760894e+00
5.407036431322276293e+00
5.406088769402764171e+00
5.405288112082674346e+00
5.404601752810310522e+00
5.404006149171936890e+00
5.403483894375738394e+00
5.385509268402008054e+00
5.383257062016056693e+00
5.381509637027385828e+00
5.380129642406824786e+00
5.379007214659810465e+00
5.378074528145043942e+00
5.377285945577022552e+00
5.376609538428847479e+00
5.376022284592179901e+00
5.375507169627994131e+00
5.357282194418419685e+00
5.355046232531430306e+00
5.353324322189477513e+00
5.351962263268617015e+00
5.350853757753628592e+00
5.349932305893471352e+00
5.349153010716002576e+00
5.348484526504444503e+00
5.347904015487712215e+00
5.347394685047903273e+00
5.328917616073588270e+00
5.326699170187707999e+00
5.324999532682468839e+00
5.323653371017853964e+00
5.322557665831303630e+00
5.321646705540373112e+00
5.320876067814952926e+00
5.320214760174382995e+00
5.319640404566896130e+00
5.319136418201598993e+00
5.300404698193736053e+00
5.298206892503639409e+00
5.296528074209623682e+00
5.295197287664588082e+00
5.294113704847178248e+00
5.293212541343467414e+00
5.292450081009147489e+00
5.291795713613259622e+00
5.291227330320678490e+00
5.290728543664695138e+00
5.271737835543111927e+00
5.269565398992481775e+00
5.267905911867598157e+00
5.266589666141734405e+00
5.265517765134458017e+00
5.264626185037398542e+00
5.263871748226955916e+00
5.263224207632811513e+00
5.262661818124203528e+00
5.262168250786672274e+00
5.242915935349317103e+00
5.240770214410479966e+00
5.239128997645503993e+00
5.237827095686562906e+00
5.236766910348609194e+00
5.235884976846562289e+00
5.235138613993708390e+00
5.234497940303168839e+00
5.233941363267395452e+00
5.233452871728172084e+00
5.213936397442483717e+00
5.211817681363264398e+00
5.210194811210770105e+00
5.208907372187774776e+00
5.207858578126413285e+00
5.206986007266491967e+00
5.206247511449179299e+00
5.205613551323244437e+00
5.205062778046677607e+00
5.204579359076436873e+00
5.184798330273046041e+00
5.182705206902840978e+00
5.181100152352200894e+00
5.179826760778513339e+00
5.178789295844021368e+00
5.177926080384046337e+00
5.177195510783963783e+00
5.176568369163724981e+00
5.176023485972748084e+00
5.175545211472453389e+00
5.155497892801233384e+00
5.153428733867538192e+00
5.151841907037607804e+00
5.150582767511973081e+00
5.149556790503672765e+00
5.148703049562494805e+00
5.147980385651094615e+00
5.147359942100740327e+00
5.146820857456629206e+00
5.146347656948755400e+00
5.126032154930866724e+00
5.123986542996822990e+00
5.122417545971951647e+00
5.121172369166717253e+00
5.120157693057332260e+00
5.119313303629448697e+00
5.118598519727354912e+00
5.117984816111383672e+00
5.117451568902541936e+00
5.116983496070863779e+00
5.096396870690323766e+00
5.094374290920062442e+00
5.092823423716429154e+00
5.091592458378626951e+00
5.090589264692900073e+00
5.089754365451386597e+00
5.089047569763742729e+00
5.088440692145328015e+00
5.087913351936387052e+00
5.087450428303389671e+00
5.066589136508917512e+00
5.064590150659755707e+00
5.063057075085981573e+00
5.061840138493256980e+00
5.060848315417581844e+00
5.060022838518065669e+00
5.059323991005635790e+00
5.058723917392846658e+00
5.058202474152428074e+00
5.057744715469073782e+00
5.036604853903917878e+00
5.034629794389278601e+00
5.033114822554583867e+00
5.031912144766517159e+00
5.030931864319512670e+00
5.030115941593007456e+00
5.029425145804991004e+00
5.028831959183674094e+00
5.028316480560461876e+00
5.027863942783596052e+00
5.006441928210179526e+00
5.004490612567259689e+00
5.002993609332596847e+00
5.001805123695841182e+00
5.000836361620730308e+00
5.000029992267008616e+00
4.999347260808621130e+00
4.998760982704633982e+00
4.998251519851575786e+00
4.997804249645591668e+00
4.976096335931188719e+00
4.974169086783715166e+00
4.972690313460537581e+00
4.971516200522147599e+00
4.970559090693932980e+00
4.969762377096641259e+00
4.969087790239110625e+00
4.968508482334858201e+00
4.968005034188100133e+00
4.967563034673677436e+00
4.945564611386375375e+00
4.943661452264236367e+00
4.942201016113836332e+00
4.941041373881795984e+00
4.940096004296499643e+00
4.939309025143667320e+00
4.938642653219253553e+00
4.938070379827345313e+00
4.937573029787261980e+00
4.937136372268096984e+00
4.914843887374341413e+00
4.912964723777516696e+00
4.911522638305692467e+00
4.910377508408162228e+00
4.909443930815296397e+00
4.908666740772295256e+00
4.908008637851896339e+00
4.907443450782657202e+00
4.906952247676269252e+00
4.906520977760726154e+00
4.883930075484364863e+00
4.882075171575682937e+00
4.880651619929126106e+00
4.879521139500687887e+00
4.878599459313528008e+00
4.877832141851176750e+00
4.877182375718029483e+00
4.876624331188893713e+00
4.876139322479132510e+00
4.875713480851231019e+00
4.852819329974579432e+00
4.850988849796129543e+00
4.849583956339327706e+00
4.848468235018033035e+00
4.847558548545876533e+00
4.846801188360805313e+00
4.846159833825702812e+00
4.845608998275642954e+00
4.845130243301850825e+00
4.844709883254357585e+00
4.821507945054210431e+00
4.819702041881970267e+00
4.818315928123071856e+00
4.817215072534803078e+00
4.816317473483068490e+00
4.815570153039875123e+00
4.814937282977959754e+00
4.814393721149102134e+00
4.813921277749261485e+00
4.813506451235760153e+00
4.789992128842229135e+00
4.788210928386988918e+00
4.786843712533239703e+00
4.785757885993572103e+00
4.784872514172005431e+00
4.784135353839570115e+00
4.783511072540222564e+00
4.782974875376311275e+00
4.782508823355820837e+00
4.782099600825339358e+00
4.758268140481455077e+00
4.756511848920777830e+00
4.755163700958592976e+00
4.754092929106306542e+00
4.753219810145577817e+00
4.752492834605727801e+00
4.751877165510566492e+00
4.751348355167660742e+00
4.750888715445523935e+00
4.750485116661232077e+00
4.726331876673237176e+00
4.724600480280407133e+00
4.723271422578719125e+00
4.722215794507451214e+00
4.721355008764944294e+00
4.720638289919603992e+00
4.720031297311225948e+00
4.719509931388937041e+00
4.719056755761626754e+00
4.718658827493108276e+00
4.694179002732802530e+00
4.692472575205763441e+00
4.691162688999886754e+00
4.690122282672710696e+00
4.689273901896234165e+00
4.688567504765968508e+00
4.687969247283200858e+00
4.687455378656721905e+00
4.687008714899729256e+00
4.686616500446915801e+00
4.661805227570520849e+00
4.660123823373147900e+00
4.658833173330806154e+00
4.657808054375255580e+00
4.656972140799980231e+00
4.656276122822385233e+00
4.655686652900490330e+00
4.655180329264033467e+00
4.654740220752486834e+00
4.654353759625365683e+00
4.629206121990007361e+00
4.627549768807189601e+00
4.626278401276429975e+00
4.625268621908499078e+00
4.624445227466945418e+00
4.623759637892761454e+00
4.623179001289102530e+00
4.622680264774709613e+00
4.622246750170975638e+00
4.621866077829297481e+00
4.596377107876555179e+00
4.594745801265138319e+00
4.593493742602899665e+00
4.592499340505486138e+00
4.591688506018539506e+00
4.591013385308962746e+00
4.590441620641209752e+00
4.589950507456287632e+00
4.589523620419625694e+00
4.582585822166498346e+00
4.589148768036169557e+00
4.563313447621797359e+00
4.561707148812484292e+00
4.560474403382734465e+00
4.559495400280474620e+00
4.558697154451417433e+00
4.558032533544919218e+00
4.557469671740836503e+00
4.556986211745143400e+00
4.556565980599676990e+00
4.549731780450525953e+00
4.556196974794960219e+00
4.530010238672655731e+00
4.528428872299947727e+00
4.527215419446130262e+00
4.526251819041608115e+00
4.525466177019217717e+00
4.524812076293316387e+00
4.524258139817911584e+00
4.523782355933854582e+00
4.523368803209284472e+00
4.516638051761328043e+00
4.523005665687550803e+00
4.496462435544895442e+00
4.494905862392990947e+00
4.493711651648952810e+00
4.492763436470744942e+00
4.491990397656286049e+00
4.491346825341660853e+00
4.490801827014944791e+00
4.490333734324122084e+00
4.483299630517366907e+00
4.489926876050843063e+00
4.483299376267101621e+00
4.489569623040425839e+00
4.462665148269711501e+00
4.461132840460747317e+00
4.459957784081884924e+00
4.459024910554600041e+00
4.458264455155769745e+00
4.457631404833413136e+00
4.457095345956243904e+00
4.456634950260515815e+00
4.449709424731796759e+00
4.456234794841584801e+00
4.449710306796041515e+00
4.455883436194821634e+00
4.428612738928619841e+00
4.427104709396258109e+00
4.425948327472779553e+00
4.425030718028194698e+00
4.424282801520205588e+00
4.423660248081200841e+00
4.423133115396395532e+00
4.415862400801415788e+00
4.422680410874088253e+00
4.415863143605077923e+00
4.422286957239323968e+00
4.415865130489316392e+00
4.421941494952863927e+00
4.394299734874944185e+00
4.392815658742538432e+00
4.391678030341391370e+00
4.390775271450307216e+00
4.390039706514066609e+00
4.389427599432012883e+00
4.388909360047196451e+00
4.381752457750113017e+00
4.388464325324030746e+00
4.381754835567488016e+00
4.388077559825112495e+00
4.381757943776797504e+00
4.387737985542409014e+00
4.359720624175997372e+00
4.358259975509994888e+00
4.357140787707763252e+00
4.356252924412810756e+00
4.355529546099885962e+00
4.354927601594674513e+00
4.347371737716781759e+00
4.354418119435005785e+00
4.347374426727513175e+00
4.353980710681906174e+00
4.347378388217562062e+00
4.353600601626251176e+00
4.347382672864023689e+00
4.353266892231340002e+00
4.324870440461241472e+00
4.323432007724859361e+00
4.322330780787978277e+00
4.321457501118523226e+00
4.320746202553475968e+00
4.320154433823287121e+00
4.312716801877245487e+00
4.319653567196674260e+00
4.312721808820673353e+00
4.319223556192636870e+00
4.312727349154325651e+00
4.318849921448151719e+00
4.312732786174728439e+00
4.318522012639056662e+00
4.289744284478241632e+00
4.288327005138611092e+00
4.287242514728288434e+00
4.286383151232491251e+00
4.285683575355466957e+00
4.277774755758188441e+00
4.285101725301980302e+00
4.277780697704280044e+00
4.284609363067470866e+00
4.277787872477095910e+00
4.284186728141803790e+00
4.277794974341177614e+00
4.283819555160706116e+00
4.277801710287730153e+00
4.283497273719624410e+00
4.254338672277197198e+00
4.252940381079942433e+00
4.251871562294394558e+00
4.251025087504791244e+00
4.250336283347887267e+00
4.242547228132140802e+00
4.249763684396286934e+00
4.242556328744750971e+00
4.249279463824599645e+00
4.242565575781195975e+00
4.248863925958752397e+00
4.242574353863001413e+00
4.248502995570714980e+00
4.242582322106029480e+00
4.248186249427626571e+00
4.218658239573527702e+00
4.217273002753817224e+00
4.216216259816659040e+00
4.215380620146961022e+00
4.207013482200413712e+00
4.214701257788268762e+00
4.207024350203250940e+00
4.214136870071047980e+00
4.207036366737366251e+00
4.213659718282926292e+00
4.207047743217706248e+00
4.213250440152782161e+00
4.207058102516587184e+00
4.212895085784520433e+00
4.207067466041767290e+00
4.212583426498673234e+00
4.182780663222129824e+00
4.181380008657330727e+00
4.180317148476570210e+00
4.179479715290515429e+00
4.171184878439293975e+00
4.178800931281253739e+00
4.171199319999408850e+00
4.178238451507945150e+00
4.171213693496859776e+00
4.177763745935713757e+00
4.171226955251135848e+00
4.177357144941796996e+00
4.171238951999115763e+00
4.177004529989485349e+00
4.171249578839314687e+00
4.176695488270866896e+00
-4.133705119267701455e+00
-4.133965485282256935e+00
-4.134148270587594709e+00
-4.134283621188294511e+00
-4.134387902247720348e+00
-4.134470521685789990e+00
-4.134537716501172966e+00
-4.134593536850365680e+00
-4.134640452439861669e+00
-4.134680579458189342e+00
-4.097244470291910190e+00
-4.097506182699205191e+00
-4.097690450945705720e+00
-4.097827174285506580e+00
-4.097932665045035172e+00
-4.098016579454418995e+00
-4.098084996492200816e+00
-4.098141584142577898e+00
-4.098189428771313203e+00
-4.098230317398433797e+00
-4.060451122058957196e+00
-4.060715620069291099e+00
-4.060902397417874177e+00
-4.061041315451856093e+00
-4.061148719559063203e+00
-4.061234081574187194e+00
-4.061303658750275325e+00
-4.061361578332743250e+00
-4.061410362452595457e+00
-4.061452147409092106e+00
-4.023318503762215670e+00
-4.023586981723266121e+00
-4.023776823498272037e+00
-4.023918155012274234e+00
-4.024027501112719563e+00
-4.024114683858001307e+00
-4.024185810427265864e+00
-4.024244819477211799e+00
-4.024294806019154791e+00
-4.024337493519856146e+00
-3.985839037360941806e+00
-3.986111855693863504e+00
-3.986304955449032850e+00
-3.986448988131700677e+00
-3.986560414858371093e+00
-3.986649299624380749e+00
-3.986721939109873603e+00
-3.986782411795375403e+00
-3.986833398963492758e+00
-3.986877241539064975e+00
-3.948003026118549030e+00
-3.948280235750860179e+00
-3.948476912744125489e+00
-3.948623740501413071e+00
-3.948737609312018115e+00
-3.948828448487013087e+00
-3.948902579741363272e+00
-3.948964409815234333e+00
-3.949016666969644707e+00
-3.949061428747445923e+00
-3.909800521537063478e+00
-3.910082653100134920e+00
-3.910283031011053012e+00
-3.910432741544121793e+00
-3.910548919294972947e+00
-3.910641787706600869e+00
-3.910717620252330384e+00
-3.910780769494304643e+00
-3.910834355143542940e+00
-3.910880117676023282e+00
-3.871221316511974209e+00
-3.871508485769833641e+00
-3.871712655569351291e+00
-3.871865324692128407e+00
-3.871983876736706076e+00
-3.872078693937762495e+00
-3.872156348338524179e+00
-3.872220868244632630e+00
-3.872275632525334466e+00
-3.872322578839721086e+00
-3.832254282699040004e+00
-3.832546561808621188e+00
-3.832754587472366303e+00
-3.832910272647406469e+00
-3.833031251097601011e+00
-3.833128064687361558e+00
-3.833207403310022521e+00
-3.833273450026990048e+00
-3.833329434653169443e+00
-3.833377545627407290e+00
-3.792887696760492755e+00
-3.793185122040566792e+00
-3.793397044300720555e+00
-3.793555786615265824e+00
-3.793679231387208084e+00
-3.793778079499695810e+00
-3.793859127203570214e+00
-3.793926679706297378e+00
-3.793983921247941371e+00
-3.794033172571663837e+00
-3.753109194024423889e+00
-3.753411772891612319e+00
-3.753627612690438653e+00
-3.753789438785348320e+00
-3.753915378718410967e+00
-3.754016290677776091e+00
-3.754099076401447022e+00
-3.754168096060027882e+00
-3.754226625995714883e+00
-3.754276988673018955e+00
-3.712905715221713976e+00
-3.713213433010137177e+00
-3.713433195273058374e+00
-3.713598119635304950e+00
-3.713726573971883660e+00
-3.713829571289704479e+00
-3.713914117456004860e+00
-3.713984560307661997e+00
-3.714044405350925171e+00
-3.714095846372724719e+00
-3.672263448999800062e+00
-3.672576275802116541e+00
-3.672799953601480816e+00
-3.672967981266982651e+00
-3.673098961524477346e+00
-3.673204059261859555e+00
-3.673290265628890605e+00
-3.673362200680014400e+00
-3.673423383397598219e+00
-3.673475866531366041e+00
-3.631167771765703378e+00
-3.631485669182148435e+00
-3.631713248040828734e+00
-3.631884377525508967e+00
-3.632017889623818885e+00
-3.632125070896281116e+00
-3.632212859813904071e+00
-3.632286353312105032e+00
-3.632348797486220082e+00
-3.632402379579284801e+00
-3.589603075728929671e+00
-3.589926113198226965e+00
-3.590157575090897613e+00
-3.590331801226545938e+00
-3.590467755988769216e+00
-3.590576814478446455e+00
-3.590666430835186329e+00
-3.590741499472854148e+00
-3.590805052144149023e+00
-3.590859862768618349e+00
-3.547552413982996811e+00
-3.547880757924590345e+00
-3.548116195069511480e+00
-3.548293446127729123e+00
-3.548431860318965736e+00
-3.548543081720940240e+00
-3.548634539818661171e+00
-3.548710865630649636e+00
-3.548775814435011888e+00
-3.548831699884865909e+00
-3.504998835914291622e+00
-3.505332257195912238e+00
-3.505571632112676639e+00
-3.505752037568570234e+00
-3.505893044234226430e+00
-3.506006315090452574e+00
-3.506099322296778453e+00
-3.506177266981798102e+00
-3.506243483131236793e+00
-3.506300434737774196e+00
-3.461923142626395222e+00
-3.462262006831437589e+00
-3.462505406102777794e+00
-3.462688896252447801e+00
-3.462832334788132460e+00
-3.462947691415437124e+00
-3.463042613603704467e+00
-3.463121939960390083e+00
-3.463189428983818985e+00
-3.463247573741378815e+00
-3.418305888064662401e+00
-3.418649972546525362e+00
-3.418897427940375877e+00
-3.419084176320890123e+00
-3.419230300886934248e+00
-3.419347666828481014e+00
-3.419444235780410679e+00
-3.419525215699603660e+00
-3.419593955375689109e+00
-3.419653204793328793e+00
-3.374125313540008886e+00
-3.374475046578304216e+00
-3.374726702375891119e+00
-3.374916690856116563e+00
-3.375065386700490055e+00
-3.375185090440899316e+00
-3.375283444243475373e+00
-3.375365855606860865e+00
-3.375436072122647957e+00
-3.375496366149053795e+00
-3.329359352597343946e+00
-3.329714850098582257e+00
-3.329970808550690720e+00
-3.330164128946196733e+00
-3.330315479281868996e+00
-3.330437345647544678e+00
-3.330537692571344799e+00
-3.330621607417455721e+00
-3.330693105888217875e+00
-3.330754674573036311e+00
-3.283983785729388316e+00
-3.284345218332266114e+00
-3.284605621977804812e+00
-3.284802397405123031e+00
-3.284956510699940324e+00
-3.285080636578182389e+00
-3.285182892284806311e+00
-3.285268450510090421e+00
-3.285341310970395057e+00
-3.285404129487062175e+00
-3.237972807476397374e+00
-3.238340388630424282e+00
-3.238605412134540451e+00
-3.238805791071776685e+00
-3.238962796546947409e+00
-3.239089296266983720e+00
-3.239193535675462865e+00
-3.239280737950432698e+00
-3.239355052424292225e+00
-3.239419099544685654e+00
-3.191298889357965241e+00
-3.191672859410053853e+00
-3.191942698468711814e+00
-3.192146846559156259e+00
-3.192306887885247413e+00
-3.192435888216877071e+00
-3.192542041328801705e+00
-3.192631044696750742e+00
-3.192706914431016951e+00
-3.192772169145341010e+00
-3.143932624807546539e+00
-3.144313230635705114e+00
-3.144588087545609145e+00
-3.144796176819437239e+00
-3.144959360394284253e+00
-3.145090766248027414e+00
-3.145199070496900617e+00
-3.145289995807589722e+00
-3.145367276085881070e+00
-3.145433964705148355e+00
-3.095841861143167062e+00
-3.096229534657098714e+00
-3.096509640805514163e+00
-3.096721772340154999e+00
-3.096888199538199160e+00
-3.097022422265530484e+00
-3.097132973868357730e+00
-3.097225662756984299e+00
-3.097304685307134431e+00
-3.097372721741669999e+00
-3.046992721115360236e+00
-3.047387701162509899e+00
-3.047673282301479158e+00
-3.047889664542648980e+00
-3.048059483003095149e+00
-3.048196469804672404e+00
-3.048309445295663611e+00
-3.048404096076963388e+00
-3.048484758241236214e+00
-3.048554350807026747e+00
-2.997347799237798149e+00
-2.997750405619702185e+00
-2.998041748980918797e+00
-2.998262638909945377e+00
-2.998436079102315688e+00
-2.998576037658345683e+00
-2.998691466982660092e+00
-2.998788194221322367e+00
-2.998870666372239313e+00
-2.998941781037526066e+00
-2.946866805921262600e+00
-2.947277411866174646e+00
-2.947574846080367905e+00
-2.947800533756570029e+00
-2.947977853279789784e+00
-2.948120909725549854e+00
-2.948238825757527604e+00
-2.948337870165490315e+00
-2.948422233910822143e+00
-2.948494944249150151e+00
-2.895506056177742149e+00
-2.895924999541324318e+00
-2.896228790472846537e+00
-2.896459468638414414e+00
-2.896640798768855607e+00
-2.896787243734477713e+00
-2.896907983295951894e+00
-2.897009325839661642e+00
-2.897095751396093100e+00
-2.897170209065457414e+00
-2.843217012148449019e+00
-2.843644781003836552e+00
-2.843955383114429303e+00
-2.844191464896972388e+00
-2.844377178929005989e+00
-2.844527186511731198e+00
-2.844650884669500890e+00
-2.844754826253124591e+00
-2.844843412018806639e+00
-2.844919766838822195e+00
-2.789946662595851556e+00
-2.790383933685867124e+00
-2.790701869078935360e+00
-2.790943691942921578e+00
-2.791134078258269646e+00
-2.791288007161198514e+00
-2.791415061336254055e+00
-2.791521742081071622e+00
-2.791612743474029212e+00
-2.791691198857356504e+00
-2.735636289517217268e+00
-2.736083624254096236e+00
-2.736409378794648184e+00
-2.736657641685741549e+00
-2.736853325261330738e+00
-2.737011513052853839e+00
-2.737142207555005147e+00
-2.737252114063581043e+00
-2.737345718489240909e+00
-2.737426562490641313e+00
-2.680220089585962917e+00
-2.680678374770975481e+00
-2.681012828415263893e+00
-2.681268224833808667e+00
-2.681469688101677296e+00
-2.681632821916390963e+00
-2.681767768230683746e+00
-2.681881143100002696e+00
-2.681977922258517832e+00
-2.682061459329125430e+00
-2.623624400693469028e+00
-2.624094564552954534e+00
-2.624438711927091106e+00
-2.624702059089096817e+00
-2.624910230250724563e+00
-2.625079040409802111e+00
-2.625218788842853090e+00
-2.625336428102033270e+00
-2.625436855314706719e+00
-2.625523637346480310e+00
-2.565765474980870042e+00
-2.566248513497524364e+00
-2.566603472364624938e+00
-2.566875784712760122e+00
-2.567091576519894502e+00
-2.567266962562360977e+00
-2.567412387797079365e+00
-2.567534998513997468e+00
-2.567639853907677239e+00
-2.567730557111156831e+00
-2.506547471041420838e+00
-2.507044351751624323e+00
-2.507410689301650120e+00
-2.507692529720813024e+00
-2.507916418002904546e+00
-2.508098761492998818e+00
-2.508250261886496801e+00
-2.508378204902666830e+00
-2.508487727187752814e+00
-2.508582545763687222e+00
-2.445860499457642945e+00
-2.446370615987050190e+00
-2.446747301908609895e+00
-2.447037038504896067e+00
-2.447266538431057903e+00
-2.447452254518812431e+00
-2.447604950899780363e+00
-2.447732487883441443e+00
-2.447840795073712439e+00
-2.447934199532191712e+00
-2.383579715810668187e+00
-2.384102176846924603e+00
-2.384488208557324462e+00
-2.384785237705531635e+00
-2.385021213505336135e+00
-2.385213571003247157e+00
-2.385373816065881503e+00
-2.385509649427568490e+00
-2.385626523013423483e+00
-2.385728340266664027e+00
-2.319574807517021053e+00
-2.320115899988662633e+00
-2.320519268406015634e+00
-2.320832882682753340e+00
-2.321084591005728281e+00
-2.321291739155567413e+00
-2.321465565449958302e+00
-2.321613856916052931e+00
-2.321741989343189427e+00
-2.321854019898362598e+00
-2.253716226716476534e+00
-2.254288603658789469e+00
-2.254719703110660944e+00
-2.255057698002895794e+00
-2.255330662106708406e+00
-2.255556369791488436e+00
-2.255746500340257477e+00
-2.255909146959693246e+00
-2.256050043737257038e+00
-2.256173427347821114e+00
-2.185859393684219665e+00
-2.186473926955617042e+00
-2.186939949176754716e+00
-2.187306975265362663e+00
-2.187604529250016139e+00
-2.187851166555440763e+00
-2.188059316979854341e+00
-2.188237624170194184e+00
-2.188392251709916803e+00
-2.188527825962615747e+00
-2.115831697688109525e+00
-2.116495825875559955e+00
-2.117001427222246157e+00
-2.117400595069443447e+00
-2.117724780328460898e+00
-2.117993866041821160e+00
-2.118221228129169020e+00
-2.118416183047662660e+00
-2.118585276783644389e+00
-2.118733673128418982e+00
-2.043427610832045715e+00
-2.044146076410783941e+00
-2.044694050436608457e+00
-2.045127328311863391e+00
-2.045479523557413692e+00
-2.045771986184537372e+00
-2.046019175541206714e+00
-2.046231283825192815e+00
-2.046415259411211274e+00
-2.046576764290131134e+00
-1.968402872169886964e+00
-1.969178159817634111e+00
-1.969769863396330534e+00
-1.970237997135770192e+00
-1.970618488258445877e+00
-1.970934669430767228e+00
-1.971201910020683012e+00
-1.971431162484638788e+00
-1.971630105629395002e+00
-1.971804703701374173e+00
-1.890465760097600478e+00
-1.891297573662798159e+00
-1.891932710017923291e+00
-1.892435053428150216e+00
-1.892843482208447448e+00
-1.893182749244599838e+00
-1.893469556836228307e+00
-1.893715421136484833e+00
-1.893928921465419357e+00
-1.894116219152220948e+00
-1.809261828628091262e+00
-1.810147522701964773e+00
-1.810823588771326431e+00
-1.811358222381742378e+00
-1.811792791775979294e+00
-1.812153571396889262e+00
-1.812458548593715690e+00
-1.812720056708064131e+00
-1.812946893372366919e+00
-1.813145850506309165e+00
-1.724352775125946868e+00
-1.725286676994629120e+00
-1.725998906268739752e+00
-1.726562138335541174e+00
-1.727019526364742541e+00
-1.727399257073961580e+00
-1.727720099848567781e+00
-1.727995131026240028e+00
-1.728233719788186074e+00
-1.728442843804298690e+00
-1.635182741337001033e+00
-1.636155757461094096e+00
-1.636897438136078797e+00
-1.637483379803202244e+00
-1.637959210785442599e+00
-1.638354059644370420e+00
-1.638687502620537861e+00
-1.638973123588386871e+00
-1.639220849427156956e+00
-1.639437975604426168e+00
-1.541027044431916071e+00
-1.542027630715686826e+00
-1.542789782713472446e+00
-1.543391395602691007e+00
-1.543879609803296526e+00
-1.544284488827979418e+00
-1.544626220610160638e+00
-1.544918887931770790e+00
-1.545172627928952380e+00
-1.545394932143435041e+00
-1.440912893798310668e+00
-1.441927885528974551e+00
-1.442700061022703206e+00
-1.443309093254410813e+00
-1.443802886434817134e+00
-1.444212073828643694e+00
-1.444557205740585992e+00
-1.444852605115808153e+00
-1.445108573811731745e+00
-1.445332719666667431e+00
-1.333491589006575273e+00
-1.334507404446613421e+00
-1.335278922240438204e+00
-1.335886518016710323e+00
-1.336378505326378141e+00
-1.336785740502369535e+00
-1.337128891210494608e+00
-1.337422342487540883e+00
-1.337676428338832935e+00
-1.337898769892922779e+00
-1.216819794968146962e+00
-1.217823243933210176e+00
-1.218582878452396656e+00
-1.219179555868189047e+00
-1.219661668237548735e+00
-1.220060012500455038e+00
-1.220395155643264173e+00
-1.220681376799657603e+00
-1.220928911800158501e+00
-1.221145297399916618e+00
-1.087944485156048691e+00
-1.088918999382274322e+00
-1.089652262932930826e+00
-1.090225542280769622e+00
-1.090687016285261768e+00
-1.091067119738664326e+00
-1.091386073726750672e+00
-1.091657860709104089e+00
-1.091892456858671867e+00
-1.092097182549939260e+00
-9.420096578530179343e-01
-9.429197935101730765e-01
-9.435959142752902151e-01
-9.441194109648863853e-01
-9.445376473316785537e-01
-9.448800554678020713e-01
-9.451659429598148199e-01
-9.454085200307096315e-01
-9.456171412614414740e-01
-9.457986233369338747e-01
-7.700151717629274417e-01
-7.707306258995855197e-01
-7.712403150433625454e-01
-7.716232766914939978e-01
-7.719223171886114843e-01
-7.721627607866546894e-01
-7.723605952854371015e-01
-7.725264309140185137e-01
-7.726675962316557067e-01
-7.727893212875577289e-01
-5.510363013844439273e-01
-5.505901038216560739e-01
-5.502428226103995845e-01
-5.499686900890806696e-01
-5.497484127323709613e-01
-5.495683022952498886e-01
-5.494186111282958196e-01
-5.492923672247141953e-01
-5.491845103522945415e-01
-5.490913056969177752e-01
-2.882650050519223739e-01
-2.759262714641191327e-01
-2.655978434788379694e-01
-2.567673228472661662e-01
-2.490906819989222865e-01
-2.423265915508094892e-01
-2.363003384835697940e-01
-2.308811179326363816e-01
-2.259691229404239832e-01
-2.214862769013511701e-01
-1.120922617119944342e-01
-9.622884982976617763e-02
-8.377984270978412751e-02
-7.382849241512506877e-02
-6.575098557477004890e-02
-5.910717881790829298e-02
-5.357810110270636028e-02
-4.892776101377036696e-02
-4.497829588423351427e-02
-4.159413242111285186e-02
-4.829956371646396823e-02
-3.966681487364229902e-02
-3.355878768458914196e-02
-2.906488974105281980e-02
-2.564565312661373775e-02
-2.296776150643018918e-02
-2.081849175870403856e-02
-1.905672140465322975e-02
-1.758674454201297407e-02
-1.634133462701713863e-02
-2.606855288989782388e-02
-2.148927660676828652e-02
-1.832205717102551243e-02
-1.600756344557012489e-02
-1.424221564362958617e-02
-1.285003239102197430e-02
-1.172258737010522557e-02
-1.078979315752024055e-02
-1.000439449877114917e-02
-9.333369013313516302e-03
-1.645550307396612816e-02
-1.369793725606526652e-02
-1.177362749846735772e-02
-1.035149804495508544e-02
-9.255342362007711737e-03
-8.382948791557286172e-03
-7.671037398277241390e-03
-7.078299590551293333e-03
-6.576592666575210855e-03
-6.146060362625630977e-03
-1.137393320612130505e-02
-9.531740530556429003e-03
-8.231756499046343975e-03
-7.262380617077311695e-03
-6.509952628275598487e-03
-5.907872284274113574e-03
-5.414454829374793637e-03
-5.002233110179166164e-03
-4.652347614376815300e-03
-4.351405202974574678e-03
-8.300719787291481813e-03
-6.984707753171801557e-03
-6.048537685239123787e-03
-5.346471858707794317e-03
-4.799277609144168497e-03
-4.360014759013079548e-03
-3.999142589233012010e-03
-3.697064270619263449e-03
-3.440258061106976975e-03
-3.219083973091611383e-03
-6.276154216570641563e-03
-5.294183749523517953e-03
-4.592012128291630274e-03
-4.063518013089204538e-03
-3.650511870890653810e-03
-3.318339159022493969e-03
-3.045035662639883692e-03
-2.815985711994252200e-03
-2.621075025658044753e-03
-2.453075122551945462e-03
-4.865133723120088766e-03
-4.110232525475612797e-03
-3.568569773338080807e-03
-3.159926960439281458e-03
-2.840044641808664276e-03
-2.582447007288351214e-03
-2.370298001980308562e-03
-2.192365846064499215e-03
-2.040862299339443915e-03
-1.910210606370674451e-03
-3.842725403121852266e-03
-3.249609630895833063e-03
-2.823038567985859237e-03
-2.500682884909466181e-03
-2.248026340957747036e-03
-2.044392633551081733e-03
-1.876579839090357273e-03
-1.735764358484143078e-03
-1.615818921661877445e-03
-1.512352221335298624e-03
-3.080184387128603613e-03
-2.606319897843276893e-03
-2.264931509435724917e-03
-2.006681170196281290e-03
-1.804138484452467127e-03
-1.640796139703843033e-03
-1.506085842325467078e-03
-1.393012951300281500e-03
-1.296676412542192977e-03
-1.213560823218715881e-03
-2.499062688327467318e-03
-2.115331082768208762e-03
-1.838541670192353830e-03
-1.628993163625211708e-03
-1.464558755567769294e-03
-1.331907515588731878e-03
-1.222475470864393477e-03
-1.130594921422930100e-03
-1.052304049120343209e-03
-9.847517528003002507e-04
-2.048414167352661380e-03
-1.734185910180236151e-03
-1.507333139536797071e-03
-1.335495676721107014e-03
-1.200594569008058259e-03
-1.091697481338873036e-03
-1.001882727431016628e-03
-9.264732064723885888e-04
-8.622135080834802566e-04
-8.067662338240410690e-04
-1.693994251197769498e-03
-1.434207290061791486e-03
-1.246487744530577497e-03
-1.104234884444624904e-03
-9.925406087703551785e-04
-9.024014456199944047e-04
-8.280517126149466566e-04
-7.656243715440917306e-04
-7.124267798031302164e-04
-6.665250194365678667e-04
-1.411687858369304683e-03
-1.195125565288957577e-03
-1.038606082109932646e-03
-9.199670955586721367e-04
-8.268009321798835617e-04
-7.516087680220511933e-04
-6.895859817323226519e-04
-6.374786311595790527e-04
-5.930722890473606344e-04
-5.547585229489465468e-04
-1.184758363082868407e-03
-1.002872264409203655e-03
-8.713683630244458680e-04
-7.716731615929387465e-04
-6.933776101949140321e-04
-6.301864569224601819e-04
-5.780642832652643131e-04
-5.343025715437351450e-04
-4.970143548353015989e-04
-4.648438309424038004e-04
-1.000424065643486281e-03
-8.467418301010409950e-04
-7.356080863392510782e-04
-6.513070598789804126e-04
-5.850926391642731050e-04
-5.316535786845607604e-04
-4.875778945260165163e-04
-4.505749184557251833e-04
-4.190485022282834735e-04
-3.918516558361075076e-04
-8.496077053960613855e-04
-7.189451987824561213e-04
-6.244428803387150210e-04
-5.527896043704699390e-04
-4.964850891276517252e-04
-4.510391164189675407e-04
-4.135590686728597459e-04
-3.820963395813879206e-04
-3.552929596632996723e-04
-3.321730142416462798e-04
-7.253078301529091018e-04
-6.136231717519786228e-04
-5.328392147342589239e-04
-4.715842977691699881e-04
-4.234465980194221878e-04
-3.846019898183801315e-04
-3.525692901620174112e-04
-3.256821929311979171e-04
-3.027793645227965869e-04
-2.830261643702843347e-04
-6.221902394114441244e-04
-5.262597445597364063e-04
-4.568362675114054036e-04
-4.041902801672744351e-04
-3.628501920742222063e-04
-3.294940567330342861e-04
-3.019902628177055601e-04
-2.789071382097664986e-04
-2.592468278455304937e-04
-2.422921665850376652e-04
-5.360578225454263506e-04
-4.532545569540999126e-04
-3.933572960115204117e-04
-3.479464440176260713e-04
-3.122908817020038949e-04
-2.835243971192581095e-04
-2.598076186903519082e-04
-2.399050837565856525e-04
-2.229556719263452614e-04
-2.083404895000490024e-04
-4.637154230577143635e-04
-3.919912291899778768e-04
-3.401100573958355561e-04
-3.007795964484710045e-04
-2.699012293837447628e-04
-2.449916059269367308e-04
-2.244569435335416014e-04
-2.072199595808617604e-04
-1.925337620092647099e-04
-1.798721545224734317e-04
-4.027591156658392492e-04
-3.403512106199216443e-04
-2.952062854041994657e-04
-2.609861789183876447e-04
-2.341237009976770414e-04
-2.124570578293516205e-04
-1.945986862343810969e-04
-1.796165183347701616e-04
-1.668608915166018189e-04
-1.558649028841234472e-04
-3.509313310983240694e-04
-2.964803343315884090e-04
-2.570984937830138100e-04
-2.272498318329143772e-04
-2.038214448105036690e-04
-1.849267580224865204e-04
-1.693548470118823768e-04
-1.562923073400498541e-04
-1.451648921262748803e-04
-1.355700098588341043e-04
-3.068602713177964085e-04
-2.591597838820690271e-04
-2.246632985024795434e-04
-1.985208376467717322e-04
-1.780045878664202822e-04
-1.614611539724926110e-04
-1.478292239868864762e-04
-1.363958848462960990e-04
-1.266642507770339508e-04
-1.182772445503081106e-04
-2.691371336626747005e-04
-2.272523293883296259e-04
-1.969600463751550569e-04
-1.739906102891218976e-04
-1.559673096067521207e-04
-1.414364238568374785e-04
-1.294647819724607752e-04
-1.194255506931014604e-04
-1.108818538177931305e-04
-1.035197539202678860e-04
-2.366874826968385194e-04
-1.997882745121038362e-04
-1.731088781277485996e-04
-1.528955046439545596e-04
-1.370364934958599745e-04
-1.242518364388367047e-04
-1.137199064488878328e-04
-1.048823794578618773e-04
-9.735985123662071583e-05
-9.087863960981122050e-05
-2.087232033295602341e-04
-1.761282981450324847e-04
-1.525639666458328595e-04
-1.347133142368020075e-04
-1.207102246471622426e-04
-1.094234784478957895e-04
-1.001269554282861117e-04
-9.233294090991200540e-05
-8.570155177543164506e-05
-7.998857655457305299e-05
-1.845274728354868868e-04
-1.556636806685343709e-04
-1.347994630088876673e-04
-1.189965783523749132e-04
-1.066017927429183115e-04
-9.661290845191264310e-05
-8.838663216733181878e-05
-8.149089810873901051e-05
-7.562462022900321335e-05
-7.057147690092205870e-05
-1.635153008493866989e-04
-1.378976800662899010e-04
-1.193824744780713651e-04
-1.053608670672515828e-04
-9.436488206444270624e-05
-8.550461879732685548e-05
-7.820887986674700059e-05
-7.209403986482054217e-05
-6.689278397585856544e-05
-6.241306679575545047e-05
-1.452068922944910266e-04
-1.224229173020380810e-04
-1.059580310126065361e-04
-9.349099558766892060e-05
-8.371559955912998485e-05
-7.584001032145525761e-05
-6.935599465066261734e-05
-6.392223242273618368e-05
-5.930090226791084830e-05
-5.532115911204999332e-05
-1.292068137931100572e-04
-1.089036831032518719e-04
-9.423365702821449917e-05
-8.312731198377215549e-05
-7.442011067244006645e-05
-6.740611722426010917e-05
-6.163224986829912895e-05
-5.679424422690468972e-05
-5.268011181853865803e-05
-4.913757574441762321e-05
-1.151876124826742721e-04
-9.706202255897825861e-05
-8.396723566762246543e-05
-7.405491040604179301e-05
-6.628491267453724125e-05
-6.002673700092818579e-05
-5.487573362051393217e-05
-5.056017851576780498e-05
-4.689076731381449032e-05
-4.373152710387373759e-05
-1.028768706397462335e-04
-8.666673632182290412e-05
-7.495741578639768309e-05
-6.609510404843513395e-05
-5.914914559066384561e-05
-5.355541861437341502e-05
-4.895189644601577315e-05
-4.509549159345270009e-05
-4.181475179865036854e-05
-3.898938696377545783e-05
-9.204692614641844632e-05
-7.751783145384659218e-05
-6.702141228947885066e-05
-5.907872749850426103e-05
-5.285483166820576477e-05
-4.784361700802906966e-05
-4.372030131300362241e-05
-4.026682046732149415e-05
-3.733127684743403483e-05
-3.480458378144182167e-05
-8.242313251809673617e-05
-6.939351750490568632e-05
-5.998477273680568223e-05
-5.286613588357194383e-05
-4.728870907208227819e-05
-4.279856914704942825e-05
-3.910444150369817435e-05
-3.601077335351023426e-05
-3.338135762769651771e-05
-3.111838296867231390e-05
-7.391603306746715547e-05
-6.221746862550576866e-05
-5.377107624149717589e-05
-4.738141987588842432e-05
-4.237578844712228126e-05
-3.834646184492530857e-05
-3.503183068199806525e-05
-3.225627071806683735e-05
-2.989746417112747019e-05
-2.786757980052795161e-05
-6.639533615724837632e-05
-5.587525079647347615e-05
-4.828075599949654387e-05
-4.253630205898645299e-05
-3.803667060722261146e-05
-3.441506983609773538e-05
-3.143616697566260760e-05
-2.894198851962528609e-05
-2.682251740595061214e-05
-2.499860041092466292e-05
-5.969115419992823874e-05
-5.021600205691133782e-05
-4.337727446341802510e-05
-3.820556876612538815e-05
-3.415539766958890970e-05
-3.089618707394230544e-05
-2.821585860690309160e-05
-2.597206254822226229e-05
-2.406567291937887398e-05
-2.242552389165390457e-05
-5.369721419821206216e-05
-4.516469395435341650e-05
-3.900715470249362798e-05
-3.435117805155988197e-05
-3.070532146945571518e-05
-2.777178466413391259e-05
-2.535952919511277160e-05
-2.334033684983229215e-05
-2.162492843389664913e-05
-2.014921176697545907e-05
-4.839086345955562820e-05
-4.069394707701895969e-05
-3.514013172075398629e-05
-3.094072615786018650e-05
-2.765027388860067376e-05
-2.500320862476280114e-05
-2.282690984055925525e-05
-2.100553319758346671e-05
-1.945842448838980775e-05
-1.812768977118033283e-05
